-0.926183    -0.706801    0.151469    0.950844    -0.0113973    -0.0549057    0.304551    
-0.926262    -0.706695    0.151345    0.950844    -0.0113973    -0.0549057    0.304551    
-0.926269    -0.706716    0.151332    0.950844    -0.0113966    -0.0549063    0.304551    
-0.92797    -0.705285    0.149411    0.951246    -0.00970048    -0.0554426    0.303254    
-0.928041    -0.705196    0.149278    0.951246    -0.00969726    -0.0554454    0.303255    
-0.928026    -0.705199    0.149281    0.951246    -0.0097054    -0.0554458    0.303255    
-0.92803    -0.705174    0.149295    0.951246    -0.0097024    -0.0554485    0.303254    
-0.928025    -0.705215    0.149295    0.951246    -0.0097024    -0.0554485    0.303254    
-0.927947    -0.705275    0.149415    0.951245    -0.00970722    -0.0554499    0.303255    
-0.927949    -0.705298    0.149415    0.951245    -0.00970725    -0.0554518    0.303255    
-0.928022    -0.705214    0.149283    0.951245    -0.00970637    -0.0554533    0.303255    
-0.928013    -0.70522    0.14928    0.951245    -0.00971252    -0.0554588    0.303254    
-0.928023    -0.705211    0.149294    0.951245    -0.00970714    -0.0554552    0.303255    
-0.927993    -0.705251    0.149284    0.951245    -0.00970714    -0.0554552    0.303255    
-0.926183    -0.70661    0.151377    0.950842    -0.0113998    -0.0549326    0.304551    
-0.926069    -0.706718    0.151517    0.950842    -0.0114269    -0.0549377    0.304551    
-0.926185    -0.706576    0.151374    0.950834    -0.0114108    -0.0549541    0.304574    
-0.927594    -0.705101    0.149465    0.951246    -0.00967579    -0.0554472    0.303254    
-0.927994    -0.712959    0.151945    0.950697    -0.0114344    -0.0541487    0.305145    
-0.923897    -0.71643    0.148861    0.949886    -0.010732    -0.0554964    0.307444    
-0.917679    -0.711027    0.153011    0.950615    -0.00968201    -0.0533025    0.305609    
-0.917987    -0.717229    0.152315    0.949868    -0.0108311    -0.0540636    0.30775    
-0.919521    -0.713732    0.154144    0.950439    -0.0127381    -0.0537506    0.305966    
-0.917576    -0.715281    0.156359    0.950202    -0.01449    -0.0533086    0.306701    
-0.919389    -0.713717    0.154259    0.950837    -0.0127947    -0.0537144    0.304728    
-0.917519    -0.717231    0.152228    0.950493    -0.0110558    -0.0542699    0.305771    
-0.917392    -0.717126    0.152138    0.950475    -0.0110852    -0.05428    0.305824    
-0.915581    -0.718505    0.154262    0.950206    -0.0128215    -0.0538113    0.306674    
-0.917358    -0.717097    0.152251    0.950714    -0.0110636    -0.0543014    0.305077    
-0.915657    -0.718395    0.154265    0.950274    -0.0127805    -0.0537739    0.306472    
-0.917172    -0.716583    0.152343    0.95076    -0.0111012    -0.0538107    0.30502    
-0.917174    -0.717207    0.14615    0.950569    -0.0108839    -0.0551106    0.30539    
0.0530713    0.0684866    0.511188    0.684107    -0.242191    0.642387    0.246335    
-0.914708    -0.71034    0.139417    0.950686    -0.0125349    -0.0548596    0.305007    
-0.915092    -0.661627    0.154141    0.95117    -0.00915443    -0.0532291    0.303904    
-0.912837    -0.658489    0.138129    0.951382    -0.00534029    -0.0593496    0.302194    
-0.902244    -0.648646    0.157364    0.951846    -0.00949725    -0.0524016    0.301916    
-0.906643    -0.654858    0.149134    0.951477    -0.00572285    -0.0549503    0.30272    
-0.899245    -0.655942    0.160931    0.951163    -0.0102317    -0.0508078    0.304306    
-0.902337    -0.658876    0.158054    0.951277    -0.00592245    -0.0533756    0.303626    
-0.891853    -0.673292    0.151449    0.950575    -0.0129969    -0.0561689    0.305094    
-0.891734    -0.675034    0.150753    0.950923    -0.0109706    -0.0528739    0.304678    
-0.896072    -0.686407    0.143202    0.950662    -0.00652084    -0.0559098    0.305079    
-0.893162    -0.675908    0.151299    0.951726    -0.00844766    -0.0531229    0.302199    
-0.898701    -0.680177    0.150731    0.951412    -0.00988148    -0.0509601    0.303515    
-0.895565    -0.672611    0.15321    0.951648    -0.0122919    -0.0532291    0.302295    
-0.895313    -0.670573    0.1582    0.951862    -0.0124847    -0.0504444    0.302089    
-0.898372    -0.679928    0.142741    0.950711    -0.0132545    -0.055921    0.304705    
-0.895533    -0.681918    0.147236    0.950738    -0.0119233    -0.0522645    0.305327    
-0.899633    -0.671957    0.143402    0.95175    -0.00791905    -0.0553503    0.301738    
-0.900887    -0.667303    0.140499    0.952461    -0.00495639    -0.0558314    0.29946    
-0.9058    -0.665568    0.149787    0.951457    -0.00677435    -0.0545351    0.302837    
-0.908376    -0.655603    0.143291    0.952419    -0.00781871    -0.0581605    0.29909    
-0.90864    -0.656684    0.152703    0.951605    -0.0106693    -0.0546124    0.302244    
-0.908144    -0.655559    0.153249    0.952058    -0.00621437    -0.0535647    0.301128    
-0.911518    -0.654206    0.154371    0.951531    -0.00630767    -0.0540933    0.302692    
-0.911717    -0.651853    0.153249    0.951861    -0.00494807    -0.0540762    0.301681    
-0.903099    -0.664219    0.149123    0.950675    -0.00753919    -0.0588601    0.304461    
-0.892916    -0.669628    0.151098    0.951215    -0.00526145    -0.0574207    0.303093    
-0.896706    -0.693627    0.0668162    0.949939    0.0102679    -0.0907845    0.298777    
-0.903238    -0.690527    0.0711219    0.950235    -0.00982749    -0.0934078    0.297037    
-0.903758    -0.683965    0.0965637    0.950699    -0.011929    -0.083504    0.298423    
-0.917889    -0.687379    0.125015    0.948666    -0.0409963    -0.0802888    0.303159    
-0.918676    -0.671644    0.162962    0.950276    -0.0406737    -0.0631379    0.302217    
-0.921216    -0.663858    0.203878    0.949943    -0.0485286    -0.0438907    0.305495    
-0.919842    -0.656197    0.228316    0.95097    -0.0265518    -0.0278034    0.306883    
-0.923195    -0.66027    0.223914    0.952018    -0.00201822    -0.0213057    0.305294    
-0.924282    -0.678676    0.16866    0.951683    0.020196    -0.0396852    0.303835    
-0.926849    -0.686693    0.148108    0.951023    -0.00288232    -0.0550975    0.304155    
-0.922792    -0.687535    0.147899    0.950866    -6.31313e-05    -0.0535574    0.304936    
-0.922053    -0.687049    0.14135    0.950768    -0.00775583    -0.0588489    0.304165    
-0.916429    -0.683832    0.135562    0.950818    -0.0111998    -0.0620658    0.303261    
-0.920513    -0.692859    0.13005    0.950691    -0.006106    -0.0631547    0.30358    
-0.912085    -0.694019    0.135345    0.950034    -0.0108659    -0.0623573    0.305662    
-0.90778    -0.692929    0.140461    0.950437    -0.0102166    -0.0586937    0.305156    
-0.907065    -0.689807    0.131145    0.951126    -0.00864824    -0.0609232    0.302611    
-0.907823    -0.695755    0.134346    0.950642    -0.0114082    -0.0596538    0.304289    
-0.907409    -0.692079    0.129365    0.951066    -0.00920108    -0.0636401    0.302224    
-0.906028    -0.7012    0.12506    0.949611    -0.00864274    -0.0646723    0.306566    
-0.903035    -0.697411    0.129068    0.949906    -0.00889313    -0.0629925    0.305993    
-0.906985    -0.693274    0.121234    0.95073    -0.00687032    -0.0642002    0.303222    
-0.9039    -0.691448    0.1305    0.950786    -0.00936908    -0.0611356    0.303612    
-0.909241    -0.701319    0.133164    0.949743    -0.0119581    -0.0635339    0.306283    
-0.908628    -0.691489    0.134166    0.951157    -0.0118962    -0.0618408    0.302216    
-0.909204    -0.699481    0.134719    0.95059    -0.0118808    -0.058215    0.30471    
-0.912637    -0.695567    0.13713    0.951137    -0.00931733    -0.0571443    0.303292    
-0.913226    -0.686347    0.136542    0.95207    -0.0107848    -0.057493    0.300236    
-0.911143    -0.693544    0.144459    0.950455    -0.0133337    -0.0555047    0.305575    
-0.912506    -0.698844    0.144497    0.949819    -0.0115931    -0.0575266    0.307246    
-0.916539    -0.687441    0.133102    0.951081    -0.00801198    -0.0641971    0.30209    
-0.927207    -0.695578    0.131311    0.949973    -0.014496    -0.0612761    0.305919    
-0.92705    -0.697995    0.132621    0.949956    -0.00740474    -0.0613974    0.306201    
-0.933199    -0.699781    0.139574    0.950231    -0.00655464    -0.0580239    0.306026    
-0.930343    -0.703764    0.141792    0.948789    -0.0104844    -0.0595772    0.310064    
-0.93751    -0.686855    0.139093    0.95102    -0.0124755    -0.0598672    0.303021    
-0.941978    -0.689514    0.147603    0.951    -0.012257    -0.0534311    0.304291    
-0.937427    -0.681048    0.138821    0.951499    -0.00617487    -0.0570085    0.302261    
-0.951841    -0.688293    0.143049    0.951148    -0.0098759    -0.0558864    0.303474    
-0.94991    -0.687684    0.144045    0.950701    -0.00848966    -0.058313    0.304459    
-0.949766    -0.686739    0.152364    0.949896    -0.0136593    -0.0548267    0.307416    
-0.957118    -0.682751    0.149808    0.950246    -0.0125954    -0.056935    0.305995    
-0.957758    -0.667315    0.145782    0.951675    -0.00943645    -0.0568829    0.301644    
-0.965526    -0.666272    0.146356    0.952172    -0.00530732    -0.0577058    0.300017    
-0.962265    -0.672285    0.159705    0.950492    -0.0110918    -0.0552052    0.305604    
-0.966182    -0.667434    0.159631    0.951071    -0.0119329    -0.0549882    0.303805    
-0.97678    -0.674107    0.151861    0.950727    -0.00911934    -0.0541333    0.305132    
-0.973733    -0.67222    0.158873    0.950443    -0.00772897    -0.0547725    0.305938    
-0.983274    -0.667015    0.148635    0.950546    -0.00959945    -0.0603191    0.30452    
-0.978978    -0.675917    0.155466    0.949646    -0.00600432    -0.0543702    0.308515    
-0.985934    -0.668637    0.15732    0.950833    -0.00691246    -0.0556105    0.304593    
-0.98251    -0.667979    0.156455    0.950531    -0.00706104    -0.0552515    0.305596    
-0.997656    -0.675093    0.148218    0.950432    -0.00624441    -0.0588368    0.305252    
-0.989664    -0.667469    0.163058    0.950312    -0.0137665    -0.0521685    0.306587    
-0.995359    -0.666404    0.158815    0.951331    -0.0079624    -0.054065    0.303287    
-0.999188    -0.6581    0.16327    0.952024    -0.0119329    -0.0523728    0.301272    
-0.995839    -0.663572    0.151952    0.950813    -0.00367343    -0.0580726    0.304252    
-1.00233    -0.679261    0.149636    0.94877    -0.0102471    -0.058814    0.310276    
0.00189757    -0.51894    -0.579915    0.299964    0.638667    -0.292356    0.645487    
-1.00171    -0.668579    0.156798    0.950674    -0.00748251    -0.0550597    0.305175    
-1.01376    -0.670256    0.164118    0.951254    -0.0120393    -0.0520309    0.303748    
-1.01014    -0.683006    0.156868    0.949209    -0.0099397    -0.0560321    0.309457    
-1.00674    -0.675454    0.161135    0.949716    -0.0104325    -0.0533698    0.308353    
-1.01221    -0.66383    0.165216    0.951316    -0.0120844    -0.0504149    0.303826    
-1.01455    -0.677943    0.159513    0.94984    -0.00885494    -0.0544821    0.307826    
-1.02112    -0.682699    0.152759    0.949431    -0.0114359    -0.058019    0.308357    
-1.01349    -0.674588    0.159777    0.95022    -0.0125503    -0.0523023    0.306904    
-1.02211    -0.683492    0.158586    0.949846    -0.0115406    -0.0524671    0.30807    
-1.02279    -0.684194    0.161115    0.950045    -0.012241    -0.0504961    0.307758    
-1.02499    -0.697298    0.149941    0.948656    -0.00953745    -0.0561333    0.311142    
-1.0176    -0.685987    0.150897    0.949815    -0.00958216    -0.0544475    0.307889    
-1.01316    -0.687537    0.161793    0.949572    -0.015108    -0.0492699    0.309286    
-1.01864    -0.698739    0.15882    0.949014    -0.0154862    -0.0497253    0.310903    
-1.01323    -0.697899    0.146034    0.948917    -0.014389    -0.0552572    0.310318    
-1.01344    -0.705279    0.137081    0.948656    -0.0102568    -0.0580263    0.310773    
-1.01091    -0.700975    0.155082    0.949148    -0.0168897    -0.0511541    0.310187    
-1.01375    -0.707429    0.144675    0.948975    -0.0147919    -0.0559419    0.309998    
-1.00609    -0.709268    0.142881    0.949466    -0.0117771    -0.0549265    0.308803    
-0.997411    -0.71776    0.151926    0.948275    -0.013884    -0.052573    0.312759    
-0.998728    -0.716545    0.141496    0.948798    -0.0144461    -0.0560964    0.310528    
-0.999474    -0.716406    0.141779    0.949156    -0.0136886    -0.0536381    0.3099    
-0.996538    -0.710863    0.147037    0.949885    -0.0137307    -0.0529363    0.307778    
-0.996043    -0.707385    0.144326    0.949642    -0.0156867    -0.0571282    0.307685    
-0.99292    -0.711167    0.149099    0.949457    -0.0133763    -0.0532952    0.309051    
-0.993181    -0.696983    0.136939    0.951036    -0.011142    -0.0595689    0.30308    
-0.995364    -0.714631    0.137542    0.949247    -0.00812311    -0.0568043    0.309252    
-0.996649    -0.703563    0.139322    0.949504    -0.0152385    -0.0584863    0.307879    
-0.990209    -0.705043    0.132744    0.949012    -0.00933686    -0.060544    0.30923    
-0.997177    -0.704012    0.14387    0.949498    -0.0124948    -0.0546176    0.308732    
-0.99485    -0.703959    0.127923    0.948438    -0.0153602    -0.0634573    0.310165    
-0.987661    -0.693819    0.134588    0.949927    -0.00892828    -0.0605945    0.306411    
-0.981769    -0.693295    0.147617    0.949238    -0.0153748    -0.0561473    0.309124    
-0.984824    -0.688695    0.140156    0.950381    -0.00924384    -0.0581755    0.305462    
-0.987735    -0.690414    0.140838    0.950108    -0.0111268    -0.0577661    0.306325    
-0.987063    -0.695547    0.136983    0.949331    -0.0115306    -0.059027    0.30847    
-0.982057    -0.678489    0.144408    0.95082    -0.0121224    -0.0561846    0.304365    
-0.987894    -0.686047    0.142606    0.950262    -0.00888652    -0.0565742    0.306141    
-0.985953    -0.683873    0.140643    0.949615    -0.0113916    -0.0603974    0.307334    
-0.986061    -0.690517    0.136948    0.949453    -0.00763152    -0.0603342    0.307962    
-0.984915    -0.690527    0.142754    0.948879    -0.0103522    -0.0574264    0.310198    
-0.992732    -0.683144    0.128958    0.950275    -0.00526225    -0.0633116    0.304863    
-0.98813    -0.68998    0.138028    0.948785    -0.0103193    -0.0583146    0.310322    
-0.988708    -0.682733    0.146842    0.949728    -0.0116359    -0.0547098    0.30804    
-0.988727    -0.666103    0.148499    0.950908    -0.00794774    -0.0573166    0.304015    
-0.982384    -0.669542    0.153378    0.949569    -0.0114967    -0.0565573    0.3082    
-0.992487    -0.67428    0.142586    0.949572    -0.00845835    -0.0599298    0.307653    
-0.98779    -0.665376    0.150558    0.950448    -0.00635826    -0.0566714    0.305607    
-0.99133    -0.665529    0.145188    0.95007    -0.00842092    -0.0606959    0.30596    
-0.98954    -0.666509    0.146104    0.949609    -0.00838415    -0.0587034    0.307778    
-0.989653    -0.658794    0.150848    0.950706    -0.00576942    -0.0564725    0.304853    
-0.993657    -0.655067    0.147816    0.950984    -0.00983575    -0.05965    0.303272    
-0.982801    -0.653622    0.158504    0.950738    -0.00413116    -0.0543711    0.305161    
-0.985491    -0.642045    0.154635    0.951507    -0.00512282    -0.0580707    0.302054    
-0.989861    -0.651438    0.153041    0.950103    -0.00863088    -0.0590647    0.306171    
-0.991734    -0.644757    0.153284    0.95102    -0.00967569    -0.0572748    0.303624    
-0.991024    -0.646995    0.156643    0.950573    -0.00999913    -0.0569018    0.30508    
-0.988707    -0.649888    0.149426    0.950599    -0.00173022    -0.0593157    0.304697    
-0.988825    -0.647071    0.150507    0.95034    -0.00836072    -0.0590974    0.305435    
-0.987126    -0.650027    0.142647    0.950299    -0.00055646    -0.0609515    0.305314    
-0.98649    -0.647693    0.150527    0.949776    -0.00949169    -0.0603918    0.306902    
-0.986012    -0.651545    0.15277    0.949655    -0.00825625    -0.058013    0.307769    
-0.98908    -0.652481    0.146967    0.950221    -0.00658418    -0.0612484    0.305428    
-0.98274    -0.653459    0.154077    0.949563    -0.0144258    -0.0574073    0.30794    
-0.989234    -0.658397    0.136294    0.949619    -0.0094073    -0.063668    0.306727    
-0.983577    -0.645333    0.14541    0.951562    -0.00365471    -0.0572635    0.302054    
-0.990682    -0.655673    0.144114    0.949973    -0.00368771    -0.0620467    0.306084    
-0.985854    -0.647901    0.142079    0.950102    -0.00683787    -0.064024    0.305221    
-0.983083    -0.650091    0.150436    0.949759    -0.00983496    -0.0605408    0.306915    
-0.99223    -0.653952    0.13559    0.950262    -0.00586261    -0.0642475    0.304696    
-0.98656    -0.662141    0.136103    0.948782    -0.00758899    -0.0636779    0.309355    
-0.976713    -0.655173    0.157615    0.949672    -0.00673468    -0.0558477    0.308155    
-0.985785    -0.659909    0.140979    0.949426    -0.00745536    -0.0624104    0.307635    
-0.977227    -0.652893    0.147686    0.950017    -0.00698724    -0.0583894    0.306609    
-0.990086    -0.652981    0.131589    0.950894    -0.00476104    -0.0634485    0.302906    
-0.99411    -0.654314    0.0594705    0.949807    0.000767645    -0.084121    0.301315    
-0.998785    -0.645451    0.105898    0.950062    -0.0425113    -0.0678094    0.301624    
-0.999296    -0.649914    0.148339    0.950394    -0.0327768    -0.0464478    0.305809    
-1.00966    -0.642423    0.165892    0.950254    -0.0166739    -0.0566661    0.305825    
-1.01054    -0.630079    0.183455    0.950406    -0.0213284    -0.0473278    0.30665    
-1.01196    -0.641161    0.198349    0.949183    -0.00827928    -0.0355154    0.312606    
-1.01516    -0.639901    0.166979    0.950225    0.0129657    -0.0448144    0.308052    
-1.02873    -0.653949    0.135083    0.949725    0.0241034    -0.0550607    0.30726    
-1.02335    -0.643228    0.171026    0.948647    -0.0187382    -0.0684063    0.308281    
-1.02183    -0.621065    0.148202    0.949263    -0.0212259    -0.0681632    0.306273    
-1.03822    -0.630409    0.129113    0.951115    0.00190673    -0.050526    0.30467    
-1.03959    -0.636073    0.140503    0.950227    -0.00218767    -0.0558739    0.3065    
-1.03573    -0.618126    0.155403    0.951333    -0.00822538    -0.0581036    0.302526    
-1.03326    -0.623973    0.155594    0.949812    -0.00553654    -0.0584099    0.307271    
-1.04283    -0.632351    0.14605    0.948911    -0.00312286    -0.0621594    0.309344    
-1.04352    -0.610107    0.152148    0.951131    -0.00387155    -0.0605551    0.302766    
-1.04762    -0.614847    0.150385    0.949858    -0.00653434    -0.0598541    0.306831    
-1.02994    -0.595426    0.216915    0.952859    0.0023711    -0.0318411    0.301727    
-1.01228    -0.608199    0.27449    0.951598    0.0176429    -0.0296506    0.305402    
-1.00181    -0.61948    0.297046    0.949974    0.0322152    -0.0669625    0.303362    
-1.01196    -0.617322    0.239647    0.95012    0.0200742    -0.0800768    0.300759    
-1.02007    -0.643949    0.166453    0.948378    0.00511603    -0.0790512    0.30709    
-1.03245    -0.672927    0.0720944    0.94639    -0.0144097    -0.0872105    0.310699    
-1.02527    -0.659686    0.077439    0.950815    -0.0239576    -0.0591625    0.30311    
-1.02291    -0.681667    0.115014    0.950003    -0.0213362    -0.0522978    0.307089    
-1.01429    -0.708355    0.0730504    0.947036    -0.021901    -0.0748761    0.311508    
-1.02353    -0.718422    0.0189548    0.945153    -0.0250752    -0.097771    0.31064    
-1.02387    -0.718198    0.0204435    0.946785    -0.0404436    -0.0747633    0.31044    
-1.02242    -0.708792    0.0518956    0.950051    -0.0350846    -0.0461266    0.306667    
-1.00837    -0.704029    0.124188    0.950291    -0.0203577    -0.0352729    0.308688    
-1.00856    -0.706927    0.173013    0.949775    -0.00643477    -0.0447838    0.309646    
-1.01571    -0.701038    0.167258    0.949235    -0.000824855    -0.0635239    0.308085    
-1.0194    -0.698352    0.153837    0.948901    -0.00529985    -0.0634079    0.309091    
-1.015    -0.687086    0.162338    0.949755    -0.00453879    -0.055611    0.307982    
-1.01653    -0.685828    0.166282    0.949086    -0.00550985    -0.0561552    0.309924    
-1.01418    -0.667574    0.176    0.950658    -0.00398276    -0.0559098    0.305136    
-1.02087    -0.677944    0.173804    0.949729    -0.00197794    -0.0570116    0.307831    
-1.01988    -0.677647    0.173189    0.949645    -0.00187024    -0.0586341    0.307788    
-1.01428    -0.675917    0.175179    0.949683    -0.000232794    -0.0574458    0.307901    
-1.02703    -0.684889    0.172064    0.949302    -0.0031271    -0.0589488    0.308774    
-1.014    -0.671809    0.174778    0.950115    -0.0037441    -0.0561453    0.306783    
-1.02102    -0.690274    0.169226    0.948709    -0.00502613    -0.0580273    0.31074    
-1.01833    -0.682519    0.170342    0.94976    -0.0062975    -0.0570749    0.307668    
-1.02299    -0.688703    0.128734    0.948887    -0.002194    -0.0696894    0.307818    
-1.02975    -0.696225    0.0574042    0.947326    0.0166377    -0.0952218    0.305335    
-1.0309    -0.706896    0.0535511    0.947497    -0.0121588    -0.0816031    0.308937    
-1.0265    -0.691802    0.104945    0.950799    -0.0237721    -0.0547075    0.304011    
-1.0278    -0.709138    0.109537    0.949641    0.00160556    -0.067507    0.305977    
-1.03567    -0.72336    0.12016    0.946712    -0.0161055    -0.0790151    0.311822    
-1.04602    -0.72327    0.121173    0.946993    -0.0154498    -0.0766318    0.311597    
-1.05488    -0.716029    0.171482    0.946942    -0.040679    -0.0601516    0.313094    
-1.05008    -0.674495    0.216664    0.949764    -0.0419326    -0.0411865    0.307398    
-1.0539    -0.679347    0.237526    0.949388    -0.0323683    -0.0285366    0.311128    
-1.06034    -0.68826    0.225929    0.950286    0.00207765    -0.0231858    0.310507    
-1.0682    -0.712424    0.173093    0.949099    0.0151966    -0.0400532    0.312051    
-1.06625    -0.720421    0.138362    0.948773    0.0107302    -0.0557959    0.310809    
-1.07033    -0.727703    0.0906064    0.948384    0.00281468    -0.0738338    0.308397    
-1.07628    -0.735925    0.0569221    0.94863    0.00122062    -0.086763    0.304256    
-1.08241    -0.74009    0.00550888    0.947947    0.0290829    -0.0994227    0.301107    
-1.08251    -0.75861    0.0153584    0.944565    -0.0178925    -0.112547    0.307913    
-1.09448    -0.7737    0.0365865    0.942503    -0.0380683    -0.109972    0.31328    
-1.10962    -0.759391    0.0768759    0.945072    -0.042216    -0.0937247    0.310279    
-1.11964    -0.743286    0.128717    0.946779    -0.0484931    -0.0703641    0.310332    
-1.13298    -0.725577    0.166136    0.948401    -0.0418528    -0.0534604    0.309718    
-1.14708    -0.733278    0.219112    0.946217    -0.0515631    -0.0356921    0.317396    
-1.15794    -0.708295    0.263318    0.948194    -0.0359825    -0.0122472    0.315409    
-1.16263    -0.719615    0.233363    0.948907    -0.00763296    -0.0176465    0.31497    
-1.18071    -0.750334    0.179374    0.948002    0.0151212    -0.0334062    0.316143    
-1.18613    -0.770832    0.146496    0.946239    0.00810199    -0.0521637    0.319132    
-1.20471    -0.7714    0.0824684    0.947066    0.0155611    -0.0748431    0.311805    
-1.20982    -0.763557    0.0821485    0.946961    -0.00901361    -0.084151    0.310005    
-1.21148    -0.787769    0.103436    0.943539    -0.026844    -0.0825476    0.319687    
-1.21646    -0.737223    0.168717    0.946219    -0.0413941    -0.0643709    0.314344    
-1.25427    -0.765688    0.194384    0.945851    -0.00748575    -0.0435466    0.321581    
-1.27934    -0.771834    0.149525    0.946298    -0.0195455    -0.0689296    0.315258    
-1.30686    -0.800986    0.187233    0.944086    -0.0151449    -0.0488469    0.325707    
-1.2981    -0.813787    0.160891    0.944302    -0.00705826    -0.0570235    0.324025    
-1.19148    -0.859887    0.171293    0.942876    -0.0214364    -0.0497689    0.328706    
-1.13338    -0.833634    0.16011    0.944632    -0.0180365    -0.0539127    0.323169    
-1.11408    -0.829505    0.155568    0.944777    -0.016523    -0.0565819    0.32237    
-1.09588    -0.805512    0.173891    0.947376    -0.0194438    -0.0518217    0.3153    
-1.08214    -0.809272    0.173408    0.946577    -0.0191704    -0.0519397    0.317689    
-1.06443    -0.827271    0.173396    0.945175    -0.0142876    -0.0467371    0.322888    
-1.04759    -0.820466    0.164788    0.945859    -0.0134503    -0.0501912    0.320391    
-1.03663    -0.831785    0.128746    0.945393    -0.0038984    -0.0612815    0.320096    
-1.02943    -0.815614    0.122155    0.947132    -0.0146968    -0.0670088    0.313426    
-1.00701    -0.803329    0.15396    0.945752    -0.0292615    -0.0611017    0.317747    
-1.00293    -0.794782    0.152549    0.947003    -0.0126916    -0.054174    0.316369    
-0.992732    -0.775114    0.13781    0.948897    -0.00907158    -0.0604205    0.309617    
-0.980743    -0.78048    0.146342    0.947236    -0.0148676    -0.0575949    0.314969    
-0.968617    -0.755643    0.151336    0.948863    -0.0173895    -0.0566383    0.310079    
-0.972809    -0.747886    0.156638    0.949764    -0.0153677    -0.0528937    0.308083    
-0.959055    -0.741742    0.16322    0.949563    -0.0175534    -0.0510745    0.308891    
-0.952819    -0.746402    0.147946    0.948654    -0.0066364    -0.0526279    0.311836    
-0.951104    -0.721798    0.138149    0.951158    0.00203055    -0.0558239    0.303609    
-0.942271    -0.707399    0.124176    0.951296    -0.00352437    -0.063948    0.301553    
-0.930618    -0.690727    0.131337    0.951074    -0.0102691    -0.0637907    0.302131    
-0.925859    -0.68157    0.14667    0.951968    -0.0169028    -0.0574065    0.300292    
-0.911454    -0.684393    0.128969    0.950636    -0.0030305    -0.0634927    0.303728    
-0.897653    -0.65774    0.143652    0.952259    -0.0164845    -0.0590187    0.299078    
-0.889425    -0.645478    0.16353    0.951609    -0.0198376    -0.0511119    0.302381    
-0.937674    -0.621688    0.104115    0.94982    -0.0383522    -0.0873762    0.297885    
-0.958431    -0.634008    0.134837    0.948647    -0.0320303    -0.0692436    0.307    
-0.97735    -0.602125    0.220167    0.952014    -0.023754    -0.0286729    0.303782    
-0.998022    -0.595355    0.265598    0.951107    -0.0292595    -0.00819803    0.307365    
-0.998751    -0.597597    0.263545    0.951652    -0.00312054    -0.00247057    0.307152    
-1.01102    -0.617152    0.221335    0.951955    0.0177209    -0.0171308    0.305244    
-1.01969    -0.644135    0.162833    0.950977    0.00754956    -0.0470322    0.30557    
-1.01436    -0.637781    0.148048    0.951083    0.00178058    -0.0560138    0.303811    
-1.01286    -0.649591    0.1381    0.949563    0.00103617    -0.0611499    0.307555    
-1.01488    -0.639404    0.13924    0.950381    -0.00763542    -0.0628817    0.304572    
-1.01596    -0.638575    0.133035    0.951103    -0.00156012    -0.0650117    0.301951    
-1.01113    -0.648529    0.13311    0.949596    -0.00457887    -0.0653849    0.306547    
-1.018    -0.659759    0.136295    0.948996    -0.00677639    -0.062604    0.308937    
-1.01857    -0.657157    0.135489    0.949311    -0.00692036    -0.0635534    0.30777    
-1.00263    -0.654567    0.207119    0.950037    -0.00966268    -0.0384498    0.309609    
-1.00151    -0.661752    0.223136    0.949657    0.00733966    -0.0485592    0.309417    
-1.00046    -0.651256    0.199315    0.950959    0.0132762    -0.0573948    0.303656    
-1.00521    -0.669383    0.172019    0.949553    -0.00392204    -0.060112    0.307767    
-0.999102    -0.671801    0.167051    0.949961    -0.00514614    -0.0572917    0.307028    
-1.00483    -0.675727    0.180246    0.951137    -0.00522581    -0.0534558    0.304063    
-1.00158    -0.681458    0.169049    0.950241    -0.00698384    -0.0607385    0.305458    
-1.00582    -0.711188    0.165728    0.94855    -0.00532044    -0.0543667    0.31188    
-1.00938    -0.724945    0.153226    0.948165    -0.000210185    -0.0656354    0.310925    
-1.01183    -0.734124    0.160216    0.948828    -0.00447022    -0.0556777    0.310814    
-0.999392    -0.741863    0.184741    0.948331    0.00058318    -0.0556662    0.31236    
-1.00709    -0.750483    0.169653    0.948427    -0.00836486    -0.0657157    0.309997    
-1.00611    -0.763392    0.149883    0.948132    -0.00624463    -0.06371    0.311364    
-1.00524    -0.775811    0.167413    0.948897    -0.0106831    -0.0526458    0.31098    
-1.0068    -0.801581    0.159662    0.947111    -0.00966459    -0.0579375    0.315485    
-1.00468    -0.798537    0.162136    0.948241    -0.0127848    -0.0575946    0.312024    
-1.00797    -0.799638    0.177987    0.950106    -0.0103065    -0.0458214    0.308372    
-1.01068    -0.830575    0.149308    0.946956    -0.0171789    -0.0575854    0.315695    
-1.00808    -0.856242    0.115324    0.945309    -0.0206871    -0.0614638    0.319663    
-1.00483    -0.861751    0.12708    0.945791    -0.0258943    -0.0519422    0.319548    
-0.997572    -0.877516    0.13993    0.945458    -0.0178284    -0.0534382    0.320836    
-0.990003    -0.895831    0.114992    0.942192    -0.0229685    -0.0699735    0.32688    
-0.994898    -0.903836    0.0441363    0.942229    -0.037211    -0.0720737    0.325    
-0.990537    -0.913212    -0.00771497    0.939097    -0.0446248    -0.0963807    0.326827    
-0.989911    -0.915298    0.0142493    0.942434    -0.0518857    -0.0530604    0.326054    
-0.989754    -0.897841    0.158198    0.945958    -0.0284118    -0.0315852    0.321495    
-0.982245    -0.905174    0.170285    0.944317    -0.0162006    -0.0513796    0.324597    
-0.983443    -0.903466    0.161848    0.945074    -0.0127978    -0.0550463    0.321934    
-0.981504    -0.898574    0.169912    0.945471    -0.0184356    -0.0516927    0.321049    
-0.969564    -0.914706    0.170706    0.943471    -0.0137671    -0.0537633    0.326775    
-0.978083    -0.896992    0.177514    0.945879    -0.015981    -0.051005    0.320087    
-0.969902    -0.915222    0.166165    0.943665    -0.0124933    -0.0555502    0.325966    
-0.970964    -0.896768    0.163676    0.943036    -0.033762    -0.0671354    0.324094    
-0.969192    -0.889329    0.199907    0.944962    -0.0329217    -0.0326308    0.32388    
-0.958422    -0.855658    0.262491    0.946051    -0.052285    -0.0135168    0.319485    
-0.944624    -0.866174    0.254789    0.947895    -0.00901416    -0.0189815    0.31789    
-0.927108    -0.898871    0.18881    0.945601    0.00639366    -0.039811    0.322819    
-0.916805    -0.921362    0.0854038    0.94397    0.0218638    -0.0713641    0.321481    
-0.910128    -0.911311    0.0443515    0.94585    -0.000927228    -0.0881253    0.312412    
-0.907235    -0.916573    0.0269901    0.945037    -0.00745382    -0.0964393    0.312329    
-0.897359    -0.920447    0.0987617    0.943523    -0.0374022    -0.0789008    0.319593    
-0.897777    -0.916539    0.134082    0.944053    -0.0329825    -0.0670315    0.321222    
-0.89494    -0.915365    0.136574    0.945064    -0.017585    -0.0598733    0.320875    
-0.891992    -0.921149    0.14349    0.944753    -0.0196824    -0.055724    0.322412    
-0.888907    -0.931313    0.135415    0.943927    -0.0179171    -0.0579681    0.324531    
-0.884197    -0.945118    0.117068    0.942044    -0.0151506    -0.0642599    0.328929    
-0.895568    -0.945424    0.0469636    0.939868    -0.0274488    -0.0943961    0.327084    
-0.901286    -0.932242    -0.0305086    0.941142    -0.0570198    -0.0814897    0.323047    
-0.912666    -0.915688    -0.0253087    0.944244    -0.057699    -0.0526532    0.319846    
-0.930355    -0.888356    0.0601939    0.947016    -0.0463982    -0.0274373    0.316629    
-0.932125    -0.865051    0.135005    0.947823    -0.0233718    -0.0193851    0.317347    
-0.947293    -0.833048    0.159017    0.947384    -0.00365718    -0.0611959    0.314174    
-0.960863    -0.802146    0.147687    0.948203    -0.0117505    -0.0601583    0.311695    
-0.974816    -0.786577    0.133907    0.948243    -0.00843886    -0.0590952    0.311883    
-0.984706    -0.748725    0.132039    0.9502    -0.00698601    -0.0597341    0.305784    
-0.983901    -0.724521    0.131265    0.948866    -0.0128817    -0.0567843    0.310261    
-0.99249    -0.703739    0.141171    0.949312    -0.0122117    -0.0547405    0.30929    
-1.00251    -0.691936    0.139282    0.949758    -0.00450171    -0.0587605    0.307388    
-1.00786    -0.665387    0.154469    0.950369    -0.00811217    -0.0579878    0.305565    
-1.01093    -0.653005    0.142811    0.94958    -0.00389162    -0.0606526    0.307577    
-1.01963    -0.623763    0.14649    0.950933    -0.00563993    -0.0601025    0.303451    
-1.02951    -0.609534    0.139152    0.950312    -0.00598291    -0.0653644    0.304302    
-1.02162    -0.582051    0.17516    0.951654    -0.0057645    -0.0466083    0.303561    
-1.03393    -0.570026    0.152487    0.950069    -0.00455465    -0.0648945    0.305183    
-1.03036    -0.54325    0.176291    0.951507    -0.00284507    -0.0449131    0.304318    
-1.03188    -0.524137    0.189425    0.952361    0.00178499    -0.0513883    0.300607    
-1.01958    -0.511405    0.282701    0.953076    0.0207966    -0.0328754    0.30022    
-1.03332    -0.489032    0.135767    0.951398    -0.0110933    -0.0681184    0.300133    
-1.03402    -0.486926    0.131665    0.952663    -0.00409767    -0.0640765    0.297172    
-1.03685    -0.483325    0.139735    0.951961    -0.00903355    -0.0605795    0.300032    
-1.01485    -0.460357    0.250201    0.953729    0.00797925    -0.0378117    0.298174    
-0.999031    -0.480322    0.2096    0.952556    0.00624887    -0.0610674    0.298107    
-1.00643    -0.494122    0.194265    0.951931    0.00655115    -0.0633514    0.299619    
-1.00581    -0.524214    0.184929    0.951463    0.0037055    -0.0598288    0.301868    
-0.994568    -0.533005    0.178002    0.952037    0.00150067    -0.0552871    0.300944    
-0.990937    -0.559478    0.165984    0.950169    -0.000996457    -0.0649327    0.304897    
-0.986973    -0.564537    0.154827    0.950959    0.00240386    -0.0663064    0.302116    
-0.985015    -0.590211    0.153026    0.950999    -0.00161634    -0.0603902    0.303233    
-0.970804    -0.61925    0.154151    0.950202    -0.00210888    -0.0587746    0.306035    
-0.96107    -0.636565    0.150503    0.951279    -0.000559041    -0.0597793    0.302482    
-0.951209    -0.633828    0.153711    0.952084    -0.00652986    -0.0578017    0.300252    
-0.951082    -0.659038    0.118551    0.94929    -0.010346    -0.0693891    0.306476    
-0.946686    -0.674976    0.0519419    0.949957    -0.0288914    -0.0655221    0.304061    
-0.941662    -0.687745    0.0942352    0.9509    -0.018935    -0.0469304    0.305334    
-0.93022    -0.689317    0.146615    0.951373    -0.00587949    -0.0500191    0.303896    
-0.927352    -0.698648    0.0847089    0.947492    -0.00971392    -0.0917665    0.306175    
-0.935567    -0.692026    0.0161828    0.947518    -0.0261326    -0.100405    0.302398    
-0.91894    -0.699296    0.0937489    0.950369    -0.0259403    -0.0410498    0.307313    
-0.919207    -0.699297    0.139574    0.950729    -0.00876066    -0.0523121    0.305451    
-0.909481    -0.693851    0.15001    0.951632    -0.00231588    -0.0460713    0.303757    
-0.904822    -0.689671    0.148605    0.95106    0.000227082    -0.0621699    0.302686    
-0.902593    -0.694174    0.143518    0.950009    -0.000750193    -0.0649954    0.305383    
-0.906834    -0.689297    0.145466    0.951186    -0.00329018    -0.0626047    0.302184    
-0.906101    -0.694141    0.147321    0.950907    -0.0014956    -0.0598644    0.303629    
-0.904718    -0.691307    0.128814    0.950172    -0.00302161    -0.069719    0.303816    
-0.912239    -0.699942    0.0791915    0.949443    0.00250002    -0.0783477    0.303995    
-0.91201    -0.70896    0.0437276    0.950222    0.0191269    -0.0786622    0.300872    
-0.91586    -0.710429    0.0495733    0.95005    0.00049882    -0.0912601    0.298457    
-0.923755    -0.717313    0.0694953    0.948394    -0.0151552    -0.0962132    0.301765    
-0.926044    -0.717091    0.0792351    0.948952    -0.0114591    -0.0922907    0.3014    
-0.932346    -0.73138    0.0972551    0.948415    -0.0117721    -0.0815975    0.306123    
-0.944518    -0.738155    0.100669    0.948906    -0.0092991    -0.0769738    0.305885    
-0.962629    -0.757586    0.104668    0.947771    -0.0130048    -0.074039    0.309965    
-0.970615    -0.758207    0.104127    0.94831    -0.00912074    -0.0739523    0.308473    
-0.985643    -0.76674    0.103352    0.948104    -0.0119064    -0.0747995    0.308808    
-0.997233    -0.782942    0.125143    0.946723    -0.0267039    -0.07017    0.313175    
-1.00778    -0.784736    0.165141    0.946452    -0.0385699    -0.0578571    0.315269    
-1.03587    -0.802888    0.176474    0.9467    -0.0119715    -0.0443424    0.318825    
-1.04294    -0.8094    0.16215    0.946225    -0.00777571    -0.0489311    0.319694    
-1.0593    -0.80866    0.158887    0.946672    -0.0183288    -0.0520206    0.317442    
-1.08221    -0.817792    0.162685    0.947447    -0.0183493    -0.0504528    0.315376    
-1.10016    -0.858711    0.134508    0.943831    -0.0144956    -0.0611078    0.324404    
-1.10538    -0.869715    0.145009    0.943043    -0.0184647    -0.0579147    0.327069    
-1.12796    -0.852405    0.136911    0.945721    -0.0148323    -0.0597941    0.319087    
-1.13743    -0.870718    0.143756    0.944158    -0.0156653    -0.0582942    0.323917    
-1.1543    -0.863067    0.157337    0.944932    -0.0268798    -0.0549553    0.321499    
-1.16059    -0.866543    0.257507    0.94635    -0.0257309    -0.0208875    0.321439    
-1.12798    -0.917481    0.119921    0.943373    0.00397251    -0.0611682    0.32602    
-1.11387    -0.927702    0.0594805    0.942522    -0.00438725    -0.0820333    0.323889    
-1.07873    -0.907965    0.148261    0.940416    -0.0557324    -0.0678535    0.328493    
-1.07719    -0.896443    0.15261    0.943204    -0.0291249    -0.0573695    0.325924    
-1.07362    -0.902945    0.119863    0.94375    -0.0014821    -0.0628172    0.324634    
-1.0637    -0.910951    0.0683378    0.94318    0.0110432    -0.0759876    0.323287    
-1.07766    -0.877484    0.147767    0.945399    -0.0223413    -0.0592682    0.3197    
-1.08487    -0.853904    0.205757    0.946615    -0.0286199    -0.039746    0.318623    
-1.09305    -0.862717    0.179863    0.946577    -0.0200135    -0.0436236    0.318885    
-1.09246    -0.86866    0.195421    0.944714    -0.0319405    -0.0419225    0.323633    
-1.09611    -0.836611    0.235078    0.94609    -0.050858    -0.0325569    0.318226    
-1.09379    -0.836216    0.221894    0.947183    -0.0214927    -0.0283159    0.318717    
-1.09618    -0.843615    0.185294    0.947569    0.000464128    -0.0347747    0.317653    
-1.09411    -0.857346    0.157175    0.945514    -0.0120591    -0.0515552    0.321247    
-1.09752    -0.830064    0.211344    0.946372    -0.0401091    -0.0377003    0.318356    
-1.09445    -0.813159    0.220012    0.948122    -0.0204238    -0.0295949    0.315867    
-1.09528    -0.825286    0.155268    0.948073    0.0188924    -0.0432421    0.314534    
-1.08246    -0.846783    0.0832272    0.944411    -0.00181592    -0.0771995    0.319569    
-1.08435    -0.821004    0.0754799    0.944686    -0.042432    -0.0921782    0.311883    
-1.0836    -0.833816    0.115311    0.942641    -0.0468541    -0.0782431    0.321109    
-1.08286    -0.808334    0.189102    0.945134    -0.0331728    -0.0450081    0.321864    
-1.07946    -0.768647    0.258294    0.946839    -0.0457156    -0.0203978    0.31779    
-1.06506    -0.740792    0.279784    0.950013    -0.0202605    -0.00403089    0.311527    
-1.05335    -0.781315    0.221635    0.947526    0.00032604    -0.02024    0.319036    
-1.04864    -0.786718    0.159212    0.94806    0.0103366    -0.0433626    0.314951    
-1.03846    -0.788483    0.105177    0.947499    0.0109783    -0.0642454    0.313047    
-1.02649    -0.79314    0.0771312    0.946755    0.00250711    -0.0781595    0.312314    
-1.00773    -0.774595    0.107707    0.947439    -0.019295    -0.0747341    0.310488    
-0.996532    -0.781417    0.13092    0.946183    -0.0238209    -0.0678559    0.315541    
-0.975452    -0.768048    0.150743    0.948115    -0.00443907    -0.0538276    0.313307    
-0.971128    -0.775255    0.146078    0.947682    -0.00786955    -0.055167    0.314314    
-0.965693    -0.76755    0.14285    0.948266    -0.0096035    -0.0564503    0.312271    
-0.957569    -0.759689    0.129712    0.949308    0.00191853    -0.0593762    0.308684    
-0.954239    -0.753197    0.128598    0.949002    -0.0172027    -0.064909    0.308035    
-0.946449    -0.741754    0.155252    0.949328    -0.0236504    -0.0560565    0.308343    
-0.94544    -0.735054    0.138721    0.950164    -0.00948218    -0.0585605    0.306053    
-0.934321    -0.731907    0.16485    0.949471    -0.0170045    -0.0501709    0.309352    
-0.936384    -0.721387    0.145501    0.950537    -0.00175198    -0.0542869    0.305825    
-0.919263    -0.721342    0.153227    0.949881    -0.0113728    -0.0523582    0.307986    
-0.913635    -0.716913    0.148836    0.950423    -0.00318698    -0.0517341    0.30661    
-0.905946    -0.715086    0.148418    0.949596    -0.00964165    -0.0535582    0.308717    
-0.892517    -0.705181    0.15243    0.950521    -0.00940781    -0.0521531    0.306106    
-0.880043    -0.704516    0.13801    0.950208    -0.00381434    -0.0571282    0.306312    
-0.871705    -0.684507    0.140323    0.951927    -0.00352336    -0.0593912    0.300491    
-0.883471    -0.699831    0.132813    0.950902    9.97975e-06    -0.0609423    0.303434    
-0.900084    -0.712363    0.151247    0.949407    -0.0175991    -0.0592108    0.307914    
-0.911402    -0.712574    0.162909    0.950053    -0.017883    -0.0541308    0.306838    
-0.921038    -0.712135    0.197052    0.948666    -0.0375796    -0.0445622    0.310861    
-0.928041    -0.711122    0.22569    0.948466    -0.0385117    -0.0310814    0.312992    
-0.922686    -0.702362    0.232008    0.950571    -0.0095428    -0.0177241    0.309855    
-0.926028    -0.71145    0.20103    0.950736    0.00985931    -0.0263909    0.308719    
-0.933979    -0.72758    0.143138    0.949498    -0.00452399    -0.0556253    0.308771    
-0.936842    -0.729333    0.136163    0.950294    0.00497924    -0.0554191    0.306342    
-0.932633    -0.735939    0.181562    0.950002    -0.00326315    -0.0387921    0.309808    
-0.917742    -0.729131    0.235804    0.951378    0.00792422    -0.0293377    0.306524    
-0.905676    -0.721667    0.252868    0.95212    0.0269877    -0.0488225    0.300591    
-0.910399    -0.736989    0.234171    0.949578    0.0223823    -0.0674473    0.305371    
-0.918745    -0.738111    0.189282    0.950122    0.0110428    -0.0721744    0.303212    
-0.926516    -0.75225    0.150373    0.947387    0.000331019    -0.0930673    0.30626    
-0.92187    -0.771265    0.134362    0.949236    -0.0087698    -0.0581164    0.309025    
-0.922225    -0.781116    0.145488    0.949173    -0.00741732    -0.060398    0.308815    
-0.916955    -0.794915    0.146261    0.948115    -0.0108621    -0.0613229    0.311769    
-0.919345    -0.80354    0.132926    0.94829    -0.0068827    -0.0652023    0.310561    
-0.91629    -0.820616    0.131971    0.948075    -0.0101776    -0.0618549    0.311808    
-0.915621    -0.831436    0.142129    0.948185    -0.011512    -0.0569837    0.312354    
-0.911852    -0.840661    0.140829    0.947561    -0.0101987    -0.058271    0.314052    
-0.916809    -0.850416    0.158735    0.947961    -0.0138387    -0.0507163    0.314017    
-0.910981    -0.8522    0.166751    0.948502    -0.00421339    -0.0544493    0.312028    
-0.914851    -0.864805    0.155187    0.946921    -0.0129584    -0.0607233    0.315412    
-0.915274    -0.875788    0.144354    0.94608    -0.0181812    -0.0674184    0.316317    
-0.922545    -0.874824    0.158582    0.948917    -0.0177598    -0.049521    0.31111    
-0.916124    -0.909677    0.159452    0.945419    -0.0185293    -0.054406    0.320748    
-0.91451    -0.916219    0.165039    0.945635    -0.0162271    -0.0492751    0.321064    
-0.915982    -0.927671    0.179212    0.944908    -0.0195407    -0.0496769    0.322955    
-0.907184    -0.951425    0.17679    0.943571    -0.018778    -0.0490078    0.326985    
-0.904164    -0.965002    0.175979    0.943373    -0.0205284    -0.0526873    0.326881    
-0.891646    -1.03954    0.137014    0.938755    -0.0200538    -0.0586712    0.338961    
-0.926311    -1.00316    0.140104    0.942131    -0.0194816    -0.0584656    0.329532    
-0.955933    -0.949164    0.145562    0.943318    -0.0257607    -0.0570572    0.325934    
-0.977001    -0.926184    0.12324    0.944706    -0.0178279    -0.0607089    0.321757    
-0.985057    -0.894971    0.153896    0.945451    -0.0178532    -0.0538009    0.320795    
-0.994215    -0.893126    0.142434    0.944169    -0.0217112    -0.0600323    0.323218    
-1.01322    -0.860162    0.154462    0.946451    -0.0170467    -0.0497767    0.318532    
-1.01857    -0.84516    0.148171    0.946517    -0.0148866    -0.0571384    0.317204    
-1.02895    -0.820839    0.160962    0.948814    -0.0156315    -0.0501529    0.311435    
-1.03769    -0.819245    0.148347    0.947292    -0.016299    -0.0597708    0.314324    
-1.04457    -0.825164    0.12986    0.945949    -0.0129913    -0.0591798    0.318605    
-1.05299    -0.79595    0.135281    0.94792    -0.015549    -0.0553883    0.31327    
-1.0643    -0.78897    0.138861    0.947952    -0.0156654    -0.0537961    0.313445    
-1.06237    -0.785001    0.155265    0.946305    -0.0203578    -0.0495407    0.318807    
-1.06939    -0.773621    0.152146    0.946873    -0.0129393    -0.0506728    0.317326    
-1.08507    -0.745255    0.152508    0.94933    -0.0126115    -0.0551969    0.309137    
-1.08599    -0.737391    0.169794    0.948284    -0.00973861    -0.0487643    0.313505    
-1.09631    -0.71779    0.170766    0.948359    -0.00989475    -0.0548321    0.312267    
-1.10276    -0.726475    0.163609    0.946728    -0.0106269    -0.0556319    0.317016    
-1.10869    -0.700334    0.145263    0.947931    -0.00734499    -0.0638915    0.311915    
-1.12001    -0.687939    0.119844    0.947677    -0.0196602    -0.0674761    0.311399    
-1.13519    -0.680121    0.145052    0.949284    -0.0172105    -0.0398722    0.311407    
-1.1089    -0.635602    0.287817    0.951423    0.0102448    -0.0272331    0.306508    
-1.11685    -0.632774    0.35597    0.950152    0.0244977    -0.0444966    0.307622    
-1.11594    -0.577218    0.332005    0.951959    0.000926994    -0.0573917    0.300799    
-1.12666    -0.570935    0.289912    0.949652    -0.0144526    -0.0589266    0.307377    
-1.14949    -0.616146    0.162937    0.948989    -0.00359239    -0.0395662    0.312796    
-1.13651    -0.613027    0.155048    0.949249    -0.0047984    -0.0476414    0.310858    
-1.1257    -0.611704    0.115424    0.949356    0.0158755    -0.0651622    0.306961    
-1.12531    -0.614677    0.103895    0.948295    -0.0149235    -0.0808817    0.306548    
-1.10321    -0.559803    0.203013    0.950077    -0.0316402    -0.038354    0.308029    
-1.1111    -0.57716    0.198254    0.949897    0.00198646    -0.0335827    0.310747    
-1.10037    -0.55561    0.200473    0.950586    -0.0111035    -0.0361249    0.308152    
-1.11022    -0.555807    0.184721    0.951171    0.000209331    -0.0390138    0.306189    
-1.08119    -0.532859    0.170042    0.951765    -0.00322015    -0.049294    0.302826    
-1.07728    -0.534396    0.166786    0.951465    0.00100897    -0.0529391    0.303167    
-1.06014    -0.524798    0.171653    0.950743    -0.00692651    -0.0513271    0.305622    
-1.04338    -0.507927    0.17114    0.951228    -0.00459329    -0.0552255    0.303471    
-1.03472    -0.514508    0.167135    0.950213    -0.00119819    -0.0550791    0.306693    
-1.03173    -0.493648    0.143425    0.953152    0.0200861    -0.0618046    0.295428    
-1.01682    -0.476148    0.17509    0.951495    -0.0237525    -0.0583955    0.301137    
-1.00885    -0.454269    0.236382    0.953539    0.0125838    -0.0238567    0.30006    
-1.00709    -0.491457    0.172006    0.95089    0.00426175    -0.0700302    0.301472    
-0.977125    -0.538032    0.156395    0.950548    -0.00303428    -0.0630679    0.304093    
-0.967263    -0.573295    0.158229    0.952489    -0.0003939    -0.0596638    0.29867    
-0.944116    -0.580082    0.177814    0.952864    0.00200675    -0.049842    0.29927    
-0.935373    -0.648954    0.17171    0.949619    0.00415997    -0.0617685    0.307233    
-0.928513    -0.65195    0.167558    0.950734    0.00508941    -0.0633814    0.303416    
-0.918237    -0.668312    0.157659    0.950988    0.00160064    -0.0625835    0.302824    
-0.927996    -0.709718    0.00932263    0.946456    -0.00507828    -0.10563    0.30502    
-0.919215    -0.724614    -0.0211764    0.946892    -0.037106    -0.0933405    0.305461    
-0.919964    -0.734956    -0.00625802    0.947608    -0.0545849    -0.070917    0.306643    
-0.92163    -0.744246    -0.00491734    0.947903    -0.0390245    -0.0678747    0.308789    
-0.920129    -0.737413    0.064943    0.949618    -0.0487087    -0.0354921    0.30756    
-0.920579    -0.735938    0.127198    0.951135    -0.0276539    -0.0250972    0.306508    
-0.915455    -0.751186    0.148604    0.950465    0.0125804    -0.0386682    0.308161    
-0.909409    -0.746186    0.16048    0.951086    0.0236568    -0.0590987    0.302296    
-0.910699    -0.75469    0.165443    0.950103    0.0111605    -0.0758373    0.30237    
-0.923113    -0.760283    0.19218    0.949611    -0.0082392    -0.069977    0.305408    
-0.927949    -0.776414    0.157853    0.946807    0.0103138    -0.0769799    0.31229    
-0.936546    -0.781275    0.147722    0.948992    0.00399323    -0.0627285    0.308972    
-0.937853    -0.785222    0.142426    0.948183    -0.0104427    -0.0680128    0.310183    
-0.942855    -0.796636    0.151991    0.948054    -0.0195954    -0.0559764    0.312533    
-0.938595    -0.807335    0.179593    0.948322    -0.0167262    -0.0430373    0.313933    
-0.935601    -0.828138    0.192534    0.94799    0.00719199    -0.0359802    0.316179    
-0.943757    -0.828405    0.187078    0.947902    0.0021969    -0.0605044    0.312757    
-0.953117    -0.84778    0.164759    0.947033    -0.0153407    -0.0588065    0.315334    
-0.958949    -0.865507    0.14678    0.946879    -0.0137917    -0.0581435    0.315988    
-0.952025    -0.89002    0.12717    0.943969    -0.0123635    -0.0663828    0.323052    
-0.958096    -0.885126    0.162834    0.945783    -0.0312053    -0.0504213    0.319342    
-0.946894    -0.899417    0.186846    0.943148    -0.0389335    -0.0480001    0.326575    
-0.951559    -0.907603    0.166897    0.943831    -0.0280087    -0.0503828    0.32536    
-0.943741    -0.928509    0.171196    0.943809    -0.0211906    -0.0332954    0.328127    
-0.947468    -0.934786    0.171029    0.94198    -0.0373885    -0.0506389    0.329713    
-0.943692    -0.940769    0.146856    0.940477    -0.0427319    -0.0523895    0.333064    
-0.948002    -0.949621    0.0935147    0.944099    -0.0249677    -0.0461466    0.32546    
-0.937945    -0.947551    0.13764    0.944155    -0.0197402    -0.0548871    0.324298    
-0.92966    -0.956999    0.137992    0.942249    -0.0167582    -0.0629037    0.328527    
-0.928461    -0.958081    0.143118    0.942124    -0.0192374    -0.0615207    0.329011    
-0.932095    -0.952974    0.132984    0.943282    -0.0169417    -0.0631922    0.325483    
-0.932767    -0.950988    0.137595    0.944011    -0.0211642    -0.0587929    0.323942    
-0.928365    -0.957096    0.142339    0.9433    -0.022613    -0.0582149    0.326014    
-0.928534    -0.959166    0.139126    0.943327    -0.0215552    -0.0594332    0.325786    
-0.926068    -0.958893    0.1434    0.943262    -0.0227503    -0.0588042    0.326009    
-0.929912    -0.958279    0.143834    0.94415    -0.02247    -0.0574732    0.323685    
-0.916586    -0.980417    0.150915    0.940699    -0.0260866    -0.0569641    0.333406    
-0.921435    -0.979259    0.146724    0.941415    -0.0258657    -0.0591332    0.331016    
-0.918791    -0.969848    0.176331    0.941672    -0.0337703    -0.0501361    0.331058    
-0.925134    -0.952654    0.221541    0.942162    -0.0508881    -0.0433689    0.32842    
-0.932035    -0.935961    0.203637    0.941997    -0.0571524    -0.0347522    0.328889    
-0.928939    -0.94624    0.12804    0.943962    -0.0311848    -0.023299    0.327752    
-0.92101    -0.945549    0.118907    0.945239    -0.0149518    -0.00750932    0.32595    
-0.911458    -0.945712    0.111244    0.945774    0.000489615    -0.0270098    0.3237    
-0.907394    -0.935458    0.106086    0.945776    -0.000942176    -0.0576061    0.319668    
-0.906195    -0.916266    0.131189    0.945025    -0.0221625    -0.0663066    0.319437    
-0.897452    -0.911142    0.159972    0.944411    -0.0204309    -0.0563701    0.323254    
-0.897674    -0.90222    0.1434    0.944375    -0.0193365    -0.0641853    0.321967    
-0.89646    -0.889153    0.102166    0.944865    -0.00446082    -0.0742735    0.318896    
-0.899976    -0.873275    0.115844    0.945968    -0.0266419    -0.0627828    0.317006    
-0.894876    -0.867054    0.114294    0.945258    -0.0280081    -0.0622848    0.319097    
-0.898108    -0.853108    0.0933417    0.947189    -0.0166222    -0.0565001    0.315222    
-0.895322    -0.831731    0.1313    0.948313    -0.0183397    -0.0517729    0.312547    
-0.894784    -0.822929    0.126896    0.947792    -0.00997976    -0.0609829    0.312846    
-0.892178    -0.807049    0.147066    0.948745    -0.0148375    -0.0530691    0.3112    
-0.887757    -0.789657    0.176365    0.949338    -0.0204464    -0.0423123    0.310722    
-0.8875    -0.777622    0.164597    0.949198    -0.013135    -0.0544068    0.309663    
-0.887912    -0.765603    0.151529    0.949933    -0.00729787    -0.056676    0.307185    
-0.88557    -0.771725    0.138262    0.948675    -0.00514608    -0.0535146    0.31165    
-0.880113    -0.759351    0.137015    0.948907    -0.0100513    -0.0564189    0.310309    
-0.881416    -0.734232    0.143129    0.950231    -0.0147396    -0.0563849    0.306047    
-0.878439    -0.722458    0.143997    0.950738    -0.011256    -0.0541001    0.30503    
-0.869836    -0.712035    0.136105    0.951138    0.000524497    -0.0503837    0.304626    
-0.867447    -0.707683    0.126505    0.951449    0.0100874    -0.0550616    0.302674    
-0.870693    -0.676224    0.106245    0.950449    -0.0117778    -0.0728714    0.301989    
-0.883023    -0.706745    0.0135192    0.949726    0.0185519    -0.0999723    0.296113    
-0.897268    -0.70739    0.0455247    0.95012    -0.0210574    -0.0971378    0.295624    
-0.910538    -0.708579    0.0718815    0.949021    -0.0283598    -0.0891197    0.301019    
-0.917257    -0.711951    0.115004    0.948743    -0.0421453    -0.0746052    0.304211    
-0.927562    -0.69578    0.1601    0.94962    -0.0390134    -0.057047    0.305689    
-0.938329    -0.689017    0.189031    0.950844    -0.0268394    -0.0425655    0.305554    
-0.94957    -0.703925    0.181612    0.94978    -0.00304933    -0.0379643    0.310592    
-0.970467    -0.695849    0.165121    0.951118    -0.000626739    -0.0448131    0.30556    
-0.972511    -0.706768    0.157016    0.949859    -0.00446954    -0.0516204    0.308357    
-0.983979    -0.709453    0.160857    0.950204    -0.00517398    -0.0501325    0.307525    
-0.988791    -0.712525    0.153177    0.948925    -0.00773224    -0.0554793    0.31049    
-0.999739    -0.708581    0.154198    0.949402    -0.0126057    -0.0565061    0.308681    
-1.00336    -0.699073    0.174385    0.949921    -0.0213527    -0.0495812    0.307793    
-1.0086    -0.692282    0.188373    0.950925    -0.00431928    -0.0406628    0.306707    
-1.0105    -0.71001    0.162853    0.949482    0.0120475    -0.0464812    0.310127    
-1.0185    -0.729022    0.109866    0.947697    0.022117    -0.0653135    0.311633    
-1.0245    -0.722742    0.120548    0.948164    -0.0112194    -0.0717229    0.309378    
-1.01996    -0.69739    0.18017    0.948403    -0.0400952    -0.055292    0.309622    
-1.02409    -0.6912    0.221823    0.948975    -0.0368852    -0.0368578    0.31101    
-1.01978    -0.681305    0.212926    0.950801    -0.00406212    -0.0316094    0.30816    
-1.01644    -0.709774    0.165171    0.949286    0.00203361    -0.0488889    0.310584    
-1.01435    -0.702641    0.151376    0.950334    0.0135016    -0.051435    0.306655    
-1.01844    -0.715499    0.125654    0.949162    -0.000619383    -0.067924    0.307372    
-1.00799    -0.71886    0.121904    0.948042    -0.00202843    -0.0710442    0.310103    
-1.00906    -0.712448    0.136365    0.949015    -0.012561    -0.0646983    0.308263    
-1.00787    -0.721581    0.119142    0.948446    -0.00477645    -0.0716858    0.308689    
-1.00412    -0.713032    0.122604    0.94936    -0.00520748    -0.0708957    0.306043    
-1.00103    -0.714015    0.166518    0.948848    -0.0232013    -0.0560997    0.309842    
-0.973298    -0.692157    0.261405    0.951771    0.00749988    -0.0406046    0.304019    
-0.981232    -0.70657    0.252491    0.951713    0.0119235    -0.0439493    0.303592    
-0.980466    -0.724512    0.188861    0.947795    0.0240892    -0.0779102    0.308276    
-0.975394    -0.741094    0.154518    0.94757    0.00507499    -0.0741463    0.310786    
-0.97666    -0.755241    0.125744    0.947404    -3.81293e-05    -0.0753615    0.311039    
-0.972419    -0.753177    0.12483    0.948494    -0.00956763    -0.0721662    0.308317    
-0.97055    -0.772082    0.117629    0.948167    -0.00789471    -0.0675111    0.310417    
-0.962736    -0.779947    0.117637    0.947929    -0.0122711    -0.068052    0.310883    
-0.959009    -0.798624    0.1141    0.94686    -0.0167628    -0.0656227    0.314434    
-0.957061    -0.801805    0.0957207    0.947544    -0.0229908    -0.0658402    0.311925    
-0.958077    -0.81482    0.0714353    0.947023    -0.0248434    -0.0677639    0.312951    
-0.950262    -0.821504    0.0816026    0.946748    -0.0269118    -0.0591534    0.315349    
-0.949693    -0.817212    0.102536    0.948333    -0.0264    -0.0504079    0.312133    
-0.945619    -0.82616    0.105142    0.946926    -0.0229089    -0.0584231    0.315266    
-0.951624    -0.827238    0.0854361    0.946429    -0.0246718    -0.071171    0.314002    
-0.94973    -0.825828    0.0888284    0.948093    -0.0218605    -0.0547308    0.312485    
-0.94634    -0.829302    0.136818    0.947997    -0.023255    -0.0419507    0.314644    
-0.940582    -0.818586    0.152696    0.948501    -0.0176828    -0.0448361    0.313086    
-0.93806    -0.826382    0.146236    0.947304    -0.00952055    -0.0562566    0.315214    
-0.938793    -0.833121    0.141331    0.946253    -0.00975838    -0.0603169    0.317603    
-0.941168    -0.823921    0.141782    0.947482    -0.0104674    -0.0590027    0.314146    
-0.944352    -0.821281    0.151581    0.947891    -0.0133828    -0.05595    0.313358    
-0.942338    -0.813416    0.147112    0.948366    -0.012696    -0.0584475    0.311489    
-0.940748    -0.822293    0.145158    0.947449    -0.0103292    -0.0575201    0.314523    
-0.941684    -0.816419    0.14265    0.948354    -0.00881516    -0.0594218    0.311474    
-0.935441    -0.823951    0.148298    0.94688    -0.0136836    -0.0576612    0.316079    
-0.93971    -0.817911    0.133208    0.948357    -0.00811132    -0.0611607    0.311148    
-0.936142    -0.809263    0.140595    0.949002    -0.00992705    -0.0593119    0.30948    
-0.930973    -0.8208    0.142727    0.947471    -0.0129205    -0.0587175    0.31414    
-0.927311    -0.817981    0.132119    0.947276    -0.0097538    -0.0634828    0.313915    
-0.928821    -0.823896    0.130688    0.946916    -0.0111977    -0.0634478    0.314959    
-0.924604    -0.818467    0.125953    0.947422    -0.0122922    -0.0634999    0.313382    
-0.925052    -0.81587    0.122158    0.948266    -0.0111109    -0.0625663    0.311052    
-0.916876    -0.816805    0.133665    0.947566    -0.0213429    -0.0601927    0.313114    
-0.908904    -0.803419    0.182232    0.947846    -0.0343731    -0.0422146    0.314046    
-0.895157    -0.794236    0.192496    0.948869    -0.0127481    -0.0362788    0.313318    
-0.891087    -0.802798    0.141421    0.949043    0.00982411    -0.0491104    0.311141    
-0.881614    -0.809533    0.109155    0.947999    0.0054484    -0.062464    0.312035    
-0.866986    -0.798623    0.128769    0.948252    -0.0115183    -0.0611935    0.311353    
-0.861    -0.795212    0.122029    0.949303    -0.00641483    -0.0615477    0.308213    
-0.847592    -0.786037    0.124179    0.949729    -0.00899975    -0.0612036    0.3069    
-0.843633    -0.793435    0.0923068    0.94947    -0.000262908    -0.0696036    0.306041    
-0.836147    -0.796308    0.0714624    0.948964    -0.00260753    -0.0782374    0.305514    
-0.830802    -0.790622    0.0547149    0.949388    0.0013068    -0.0848883    0.302416    
-0.83191    -0.792384    0.0782375    0.948364    -0.0227473    -0.0837562    0.305078    
-0.834344    -0.77704    0.135735    0.949789    -0.00900239    -0.0579871    0.307339    
-0.843002    -0.777613    0.137614    0.949881    -0.0102215    -0.0563798    0.307316    
-0.845751    -0.773689    0.131746    0.949835    -0.00678375    -0.0585363    0.307151    
-0.84819    -0.770699    0.132765    0.949948    -0.00522056    -0.0583795    0.306861    
-0.849606    -0.778652    0.0999197    0.949068    0.00204849    -0.0668342    0.307896    
-0.859879    -0.781671    0.0464897    0.949637    0.0113114    -0.0841772    0.301622    
-0.868306    -0.783409    0.0598353    0.948519    -0.0216132    -0.0920693    0.30227    
-0.880651    -0.774796    0.101895    0.949008    -0.0374075    -0.0799194    0.302651    
-0.892525    -0.772707    0.108806    0.949409    -0.0113208    -0.0691638    0.306123    
-0.911417    -0.759707    0.13062    0.950575    -0.0217576    -0.063072    0.303243    
-0.926121    -0.777221    0.134012    0.948857    -0.0120687    -0.0598647    0.309744    
-0.945772    -0.77818    0.143766    0.948666    -0.0155703    -0.0552069    0.311033    
-0.961375    -0.778646    0.136269    0.948807    -0.00850647    -0.0562114    0.310697    
-0.971496    -0.769541    0.140091    0.948956    -0.0185855    -0.057815    0.309506    
-0.98353    -0.769554    0.138624    0.948696    -0.0157448    -0.057756    0.31047    
-1.00079    -0.769736    0.134669    0.948666    -0.0128564    -0.0563665    0.310951    
-1.01386    -0.767881    0.134433    0.947169    -0.0166743    -0.0596418    0.314699    
-1.02994    -0.757117    0.140298    0.948494    -0.00987899    -0.056236    0.311608    
-1.04093    -0.751058    0.132835    0.948265    -0.00879853    -0.0590037    0.311824    
-1.0578    -0.745562    0.137209    0.947847    -0.0219337    -0.0598541    0.312286    
-1.06633    -0.744923    0.155047    0.947658    -0.0273501    -0.0552251    0.313284    
-1.06963    -0.704683    0.200966    0.949972    -0.0364605    -0.0394136    0.307685    
-1.06693    -0.720895    0.22497    0.947916    -0.0206581    -0.0257703    0.316804    
-1.07749    -0.729953    0.142702    0.949263    0.00224439    -0.0539985    0.309805    
-1.06852    -0.737072    0.131622    0.947621    -0.00451071    -0.0602137    0.313639    
-1.07961    -0.740407    0.126302    0.947589    -0.0163695    -0.0673301    0.311888    
-1.08323    -0.737083    0.0886738    0.945695    -0.0267636    -0.0819932    0.313404    
-1.09014    -0.737216    -0.0164405    0.943078    -0.0395033    -0.102424    0.31393    
-1.08929    -0.744968    -0.0889443    0.944543    -0.0599545    -0.072346    0.314658    
-1.1072    -0.724464    -0.00248764    0.947766    -0.0487334    -0.0430903    0.312262    
-1.11738    -0.698148    0.11088    0.949346    -0.0292743    -0.0298715    0.311437    
-1.1027    -0.656406    0.208812    0.951064    -0.00501193    -0.0216762    0.308193    
-1.0979    -0.637206    0.299972    0.951079    0.0200371    -0.042506    0.305354    
-1.08617    -0.608771    0.358171    0.953737    0.0268652    -0.0175484    0.298926    
-1.10191    -0.610171    0.350807    0.951076    0.03386    -0.0602661    0.301125    
-1.13774    -0.633998    0.248036    0.946189    0.0139202    -0.078343    0.31368    
-1.1494    -0.601912    0.184623    0.949291    -0.00575766    -0.0684866    0.306796    
-1.16158    -0.623773    0.163666    0.948361    -0.0160028    -0.052527    0.312403    
-1.16225    -0.607755    0.176497    0.949704    -0.0167487    -0.0452697    0.309407    
-1.1708    -0.61454    0.186606    0.949193    -0.0165616    -0.0439797    0.311166    
-1.17012    -0.610435    0.17195    0.949033    -0.0115322    -0.0508755    0.31083    
-1.17557    -0.609889    0.16937    0.948723    -0.0150545    -0.0517896    0.311475    
-1.17774    -0.612011    0.185099    0.948998    -0.0163604    -0.0445087    0.311696    
-1.18536    -0.6134    0.174691    0.94939    -0.0108082    -0.0507336    0.309788    
-1.19199    -0.625247    0.173767    0.94885    -0.0102469    -0.0502639    0.311531    
-1.19997    -0.628663    0.188334    0.947409    -0.0187553    -0.0451576    0.316268    
-1.19557    -0.60009    0.17982    0.950205    -0.0139381    -0.0464331    0.307832    
-1.19053    -0.615274    0.178031    0.94857    -0.00913701    -0.0461619    0.313051    
-1.20181    -0.611348    0.171241    0.949643    -0.0125408    -0.0487117    0.30927    
-1.18831    -0.601423    0.179961    0.950452    -0.00386069    -0.044918    0.307585    
-1.19757    -0.637054    0.182617    0.949531    0.0110886    -0.0578182    0.308099    
-1.17612    -0.602113    0.194327    0.949963    -0.00732103    -0.0757264    0.302957    
-0.904784    -0.186026    -0.376149    0.885042    0.0829093    -0.423439    0.174717    
-1.19505    -0.64449    0.124887    0.946803    -0.0214549    -0.0621148    0.315031    
-1.19183    -0.628355    0.140284    0.948456    -0.023687    -0.0561531    0.310994    
-1.19059    -0.618635    0.174946    0.949867    -0.01396    -0.0483714    0.308573    
-1.194    -0.625497    0.162701    0.949166    -0.0100103    -0.0565254    0.309496    
-1.2019    -0.625258    0.185387    0.949894    -0.0169894    -0.0465367    0.30862    
-1.20092    -0.635788    0.19657    0.949528    -0.00440737    -0.0485196    0.309876    
-1.19747    -0.641535    0.183509    0.948355    -0.00422651    -0.0538773    0.312572    
-1.20175    -0.637556    0.20953    0.94974    -0.00571024    -0.0468642    0.30946    
-1.18831    -0.640132    0.257807    0.949855    -0.00627268    -0.0287011    0.311307    
-1.19636    -0.660011    0.197792    0.949479    -0.0110772    -0.0464439    0.310178    
-1.20768    -0.668611    0.18911    0.949905    -0.0110032    -0.0500537    0.308307    
-1.20511    -0.69586    0.177575    0.947386    -0.0147688    -0.0609978    0.313881    
-1.21396    -0.717107    0.0681021    0.946145    -0.0352195    -0.0644183    0.315308    
-1.21721    -0.72081    0.0395629    0.947174    -0.0406219    -0.0614277    0.31215    
-1.21702    -0.738012    0.132013    0.947944    -0.0313763    -0.0306936    0.315397    
-1.20225    -0.723382    0.221966    0.947544    -0.0281571    -0.0296008    0.317005    
-1.20642    -0.647406    0.288039    0.950319    -0.0550438    -0.0255875    0.305302    
-1.21233    -0.641716    0.254255    0.952132    -0.015825    -0.0112683    0.305071    
-1.20291    -0.686011    0.210318    0.948872    0.00397643    -0.0225045    0.314832    
-1.19953    -0.702087    0.156112    0.947812    0.014181    -0.0458882    0.31519    
-1.19069    -0.686593    0.161301    0.948372    -0.0298514    -0.0599881    0.310001    
-1.17641    -0.696464    0.175857    0.946923    -0.0291762    -0.052436    0.315809    
-1.16142    -0.697237    0.176484    0.947143    -0.0219418    -0.050579    0.316037    
-1.15666    -0.691011    0.162612    0.948663    -0.00966074    -0.0520672    0.311824    
-1.14592    -0.708694    0.168495    0.947302    -0.0110955    -0.0501342    0.316199    
-1.13101    -0.698423    0.161335    0.948256    -0.00622192    -0.0531763    0.312962    
-1.12557    -0.7057    0.150984    0.948266    -0.0100433    -0.0605093    0.311495    
-1.11859    -0.711596    0.156432    0.946746    -0.0165672    -0.0599951    0.31591    
-1.11017    -0.685975    0.178827    0.948801    -0.0293944    -0.052716    0.310053    
-1.10055    -0.695016    0.191146    0.948719    -0.0175788    -0.0438086    0.312577    
-1.10011    -0.710835    0.187462    0.947577    -0.0165364    -0.0455393    0.315834    
-1.0883    -0.688233    0.204024    0.948575    -0.0251568    -0.0396793    0.313047    
-1.08593    -0.686082    0.196575    0.949838    -0.0130289    -0.0373004    0.310235    
-1.07239    -0.692508    0.183109    0.948881    -0.00316647    -0.0398717    0.313089    
-1.07459    -0.689057    0.169551    0.949898    -0.0125482    -0.0476077    0.308657    
-1.0725    -0.683543    0.151812    0.950781    -0.00712362    -0.0536424    0.305101    
-1.05932    -0.720432    0.0915634    0.946636    0.00661762    -0.0740217    0.313619    
-1.06191    -0.710297    0.0549633    0.948121    0.000702284    -0.0900713    0.304881    
-1.05546    -0.708189    0.0683157    0.948714    -0.0017294    -0.0849859    0.304493    
-1.05155    -0.693679    0.0855714    0.948128    -0.0350834    -0.0891629    0.303105    
-1.04902    -0.682994    0.125051    0.949088    -0.0384442    -0.0733943    0.303919    
-1.04226    -0.678814    0.18306    0.947692    -0.0513383    -0.0519287    0.31072    
-1.02953    -0.663802    0.225936    0.949789    -0.0293666    -0.0227443    0.310678    
-1.02488    -0.65793    0.235161    0.950206    -0.035028    -0.0206059    0.308961    
-1.01195    -0.680375    0.206852    0.950239    -0.000852168    -0.0218124    0.310757    
-1.00777    -0.688428    0.151532    0.950637    0.00907115    -0.0439115    0.307049    
-0.996183    -0.699081    0.0911143    0.949993    0.0201668    -0.0671407    0.304299    
-0.993682    -0.705733    0.0564864    0.949857    0.0213495    -0.0819402    0.301    
-0.984025    -0.695177    0.119637    0.951733    -0.015145    -0.0665511    0.299242    
-0.961412    -0.687939    0.226984    0.950434    0.000576631    -0.0586136    0.30535    
-0.953257    -0.682406    0.256208    0.95076    -0.0122069    -0.0497665    0.305662    
-0.950259    -0.679295    0.260873    0.951557    0.0120137    -0.0560889    0.302075    
-0.954711    -0.685892    0.22489    0.95098    0.0142352    -0.0696984    0.300958    
-0.959177    -0.712895    0.171968    0.948391    0.00334645    -0.0764513    0.307733    
-0.960158    -0.719518    0.139363    0.949668    -0.00968086    -0.0653312    0.306217    
-0.953739    -0.745035    0.140907    0.949279    -0.0180429    -0.0529534    0.309417    
-0.943691    -0.759488    0.146159    0.949035    -0.0156258    -0.0525432    0.310368    
-0.934906    -0.777187    0.14206    0.948178    -0.0136454    -0.0557633    0.312512    
-0.930275    -0.796077    0.138852    0.947199    -0.0139644    -0.0570585    0.315218    
-0.922152    -0.795064    0.139127    0.948849    -0.0130539    -0.0560549    0.310439    
-0.907037    -0.820358    0.140601    0.946684    -0.0104626    -0.0546857    0.317316    
-0.908822    -0.819035    0.140498    0.948327    -0.0143499    -0.0567509    0.311848    
-0.900706    -0.830906    0.134739    0.948353    -0.00800176    -0.0563154    0.312076    
-0.891452    -0.845843    0.148624    0.947157    -0.0114782    -0.0545265    0.315892    
-0.888339    -0.856496    0.137575    0.94731    -0.0102595    -0.0611386    0.314263    
-0.881624    -0.856866    0.138623    0.948484    -0.0148145    -0.0579876    0.31112    
-0.879567    -0.87479    0.115859    0.946909    -0.0161301    -0.0671936    0.313986    
-0.866885    -0.8913    0.12356    0.945835    -0.0201669    -0.054493    0.319405    
-0.865963    -0.891655    0.137022    0.947317    -0.0120137    -0.0547735    0.315351    
-0.858819    -0.901965    0.126566    0.945738    -0.0190231    -0.0659495    0.317598    
-0.85405    -0.912494    0.139533    0.946407    -0.0237215    -0.0501599    0.318174    
-0.847683    -0.917864    0.138541    0.946486    -0.011818    -0.0575854    0.317346    
-0.839822    -0.931205    0.13169    0.94477    -0.0230884    -0.0638546    0.320622    
-0.833134    -0.949329    0.0986981    0.943126    -0.0275675    -0.0646348    0.324925    
-0.832914    -0.944646    0.0964082    0.944411    -0.0289348    -0.066551    0.320657    
-0.8256    -0.962485    0.0724102    0.942594    -0.0299257    -0.0700283    0.325141    
-0.823057    -0.965319    0.0480307    0.941373    -0.039845    -0.0803541    0.325227    
-0.818825    -0.968889    0.0304163    0.942018    -0.0450431    -0.0681036    0.325478    
-0.81614    -0.966007    0.0679357    0.943775    -0.0414545    -0.0454256    0.324817    
-0.808719    -0.953583    0.166483    0.946911    -0.0191908    -0.0214369    0.320207    
-0.805827    -0.953639    0.172604    0.945072    -0.0156315    -0.0543629    0.32193    
-0.804404    -0.955526    0.150959    0.94451    -0.0116595    -0.0652814    0.321719    
-0.801712    -0.956949    0.142049    0.944845    -0.0138416    -0.060724    0.32154    
-0.796984    -0.958605    0.145196    0.944979    -0.0147335    -0.0574786    0.321704    
-0.791266    -0.961818    0.144816    0.944597    -0.0130614    -0.0584769    0.322718    
-0.808399    -0.864643    0.10429    0.948193    0.0355291    -0.0491971    0.311846    
-0.808108    -0.876931    0.0531078    0.947088    0.0210303    -0.0992004    0.304534    
-0.816282    -0.87459    0.0389847    0.945132    -0.00943477    -0.119399    0.30394    
-0.823762    -0.877911    0.0821547    0.944293    -0.0455032    -0.0953464    0.311689    
-0.838822    -0.875758    0.139638    0.947568    -0.0217436    -0.0496579    0.314923    
-0.849441    -0.879775    0.130985    0.947551    -0.0141736    -0.0542761    0.314642    
-0.862879    -0.889143    0.1058    0.947095    -0.00996193    -0.0634115    0.314469    
-0.874239    -0.889131    0.11288    0.947245    -0.0178599    -0.0629538    0.313758    
-0.884372    -0.891461    0.148249    0.946076    -0.0355862    -0.0560111    0.317076    
-0.893634    -0.891336    0.136093    0.944338    -0.0262392    -0.056895    0.322954    
-0.911684    -0.888607    0.045908    0.944005    -0.0382878    -0.073437    0.319368    
-0.914482    -0.879599    0.0291278    0.942969    -0.0641672    -0.0616757    0.320762    
-0.926796    -0.85932    0.0224044    0.947436    -0.039048    -0.0355062    0.315563    
-0.932152    -0.838489    0.0630071    0.947655    -0.031992    -0.0427779    0.314795    
-0.939013    -0.80223    0.115031    0.949448    -0.0183612    -0.0496346    0.309433    
-0.948855    -0.782652    0.122785    0.948306    -0.0121965    -0.0647939    0.310432    
-0.954766    -0.755922    0.129976    0.948328    -0.0103542    -0.0634357    0.310712    
-0.967027    -0.737165    0.136747    0.948233    -0.013247    -0.0585957    0.311843    
-0.982818    -0.673319    0.127506    0.950227    -0.00924284    -0.0624357    0.305099    
-0.989851    -0.647665    0.154252    0.951035    -0.00959662    -0.0542258    0.30414    
-0.985477    -0.63341    0.196748    0.951727    -0.00392969    -0.0359397    0.304809    
-0.99057    -0.616381    0.225599    0.952896    0.010007    -0.0394996    0.300546    
-1.02251    -0.603221    0.1753    0.949271    0.00534096    -0.0753185    0.30526    
-1.02857    -0.56965    0.174252    0.952178    0.00170023    -0.0595119    0.299688    
-1.00745    -0.556689    0.244152    0.953288    0.00878504    -0.0341513    0.299998    
-1.02492    -0.546563    0.232563    0.949691    0.0220851    -0.0890779    0.29944    
-1.05483    -0.553297    0.129466    0.949688    -0.00751215    -0.080303    0.302636    
-1.04473    -0.55303    0.137012    0.950767    -0.00891086    -0.0579023    0.304318    
-1.05332    -0.565683    0.128175    0.949444    -0.00944909    -0.0620767    0.307591    
-1.04287    -0.552529    0.139482    0.950563    -0.0101412    -0.0591502    0.304677    
-1.05313    -0.545439    0.136121    0.950924    -0.0138429    -0.0615947    0.302917    
-1.05351    -0.544733    0.139724    0.950919    -0.0138129    -0.0584508    0.303556    
-1.06091    -0.547262    0.136079    0.950948    -0.0108453    -0.0599871    0.303284    
-1.0379    -0.555766    0.234688    0.950693    0.0111609    -0.0442708    0.306756    
-1.03335    -0.545738    0.265635    0.952572    0.0128802    -0.0310162    0.302453    
-1.03741    -0.534179    0.233564    0.951142    0.0127579    -0.0689144    0.300695    
-1.06099    -0.551744    0.15205    0.948647    -0.00453022    -0.0785783    0.306388    
-1.07573    -0.567025    0.145269    0.950046    -0.0101381    -0.0572251    0.30665    
-1.05859    -0.565806    0.154144    0.950331    -0.00723492    -0.0571322    0.305865    
-1.05363    -0.562025    0.154156    0.950924    -0.00449251    -0.0590692    0.303701    
-1.05777    -0.569807    0.157944    0.950565    -0.00900095    -0.0574874    0.305025    
-1.05861    -0.578206    0.179244    0.951222    -0.00548307    -0.0483031    0.304652    
-1.05504    -0.584231    0.205098    0.950689    -0.00363687    -0.0534838    0.305477    
-1.04177    -0.581567    0.200882    0.951029    0.00277534    -0.0547709    0.304196    
-1.0451    -0.595948    0.194826    0.949951    0.00226272    -0.0583548    0.306891    
-1.04502    -0.586958    0.205585    0.951938    0.000795614    -0.0541113    0.301473    
-1.05672    -0.623267    0.178232    0.949517    0.00185971    -0.0653451    0.306829    
-1.05121    -0.632937    0.201459    0.951178    0.000547071    -0.0486909    0.304779    
-1.04105    -0.647765    0.202629    0.949715    0.00208117    -0.0549471    0.308249    
-1.04848    -0.664746    0.19679    0.949971    0.00439468    -0.0564367    0.307165    
-1.04443    -0.664745    0.198699    0.950845    0.00400966    -0.0593282    0.303904    
-1.04491    -0.683592    0.198799    0.950118    0.00151464    -0.0571159    0.306611    
-1.04181    -0.703637    0.179669    0.948509    0.00129292    -0.0654002    0.309922    
-1.04174    -0.71734    0.166358    0.94832    -0.00601987    -0.0620411    0.311132    
-1.04067    -0.738338    0.160795    0.947674    -0.0118335    -0.0564585    0.313984    
-1.03111    -0.74045    0.159978    0.948814    -0.00953381    -0.0564851    0.310596    
-1.02835    -0.77467    0.166079    0.946288    -0.0157201    -0.0525993    0.31863    
-1.03131    -0.782945    0.117944    0.946863    -0.022714    -0.0657122    0.314032    
-1.02944    -0.804066    0.0889127    0.945702    -0.0213013    -0.0766721    0.315142    
-1.01484    -0.826749    0.136517    0.946019    -0.0254318    -0.0404833    0.320566    
-1.00509    -0.834695    0.166078    0.947056    -0.0176214    -0.0408273    0.317975    
-1.01338    -0.851668    0.152396    0.946085    -0.0152397    -0.0644876    0.317067    
-1.00812    -0.866866    0.122354    0.945247    -0.0160292    -0.0691323    0.318548    
-1.01238    -0.879469    0.0709582    0.94394    -0.0292449    -0.0822298    0.318371    
-1.00516    -0.907242    0.00219733    0.941665    -0.0414853    -0.0817294    0.323832    
-0.990006    -0.935092    -0.0444021    0.938765    -0.0609607    -0.0744091    0.330858    
-0.996026    -0.928484    0.0297011    0.94308    -0.0511034    -0.0312572    0.327125    
-1.00318    -0.914626    0.112004    0.945429    -0.0385536    -0.0252267    0.322554    
-0.997801    -0.910644    0.197956    0.944341    -0.0204263    -0.0562194    0.323485    
-0.999221    -0.9161    0.176014    0.943301    -0.0201558    -0.0654216    0.324802    
-0.994203    -0.92794    0.163901    0.942836    -0.0191859    -0.0572192    0.327748    
-0.995992    -0.929968    0.187911    0.943355    -0.0276089    -0.0464812    0.327352    
-0.99468    -0.944965    0.153918    0.942391    -0.0161268    -0.059063    0.328862    
-0.995498    -0.970667    0.0290434    0.936112    -0.0440942    -0.0961361    0.335422    
-1.00832    -0.946926    0.0528344    0.940568    -0.0663463    -0.0513973    0.329072    
-1.02265    -0.923492    0.118112    0.944722    -0.0591206    -0.0205282    0.321843    
-1.00781    -0.918401    0.190798    0.944865    -0.0269335    -0.00733662    0.326268    
-1.009    -0.901487    0.253097    0.946586    -0.0128332    -0.0127691    0.321944    
-0.99384    -0.879171    0.313702    0.947553    -0.00538738    -0.00621565    0.319493    
-0.986051    -0.835647    0.378078    0.94996    6.52178e-06    -0.0216616    0.311621    
-1.00264    -0.831446    0.303359    0.946922    -0.0111609    -0.0392221    0.318867    
-1.0039    -0.857263    0.190022    0.946861    -0.00625787    -0.0461777    0.318248    
-0.995446    -0.876874    0.137845    0.944579    -0.019448    -0.054402    0.323161    
-0.979079    -0.895686    0.0792703    0.942672    -0.0257144    -0.0603142    0.327218    
-0.970952    -0.89166    0.0596336    0.944279    -0.00206618    -0.0585201    0.323895    
-0.961696    -0.879288    0.103324    0.946969    -0.0126746    -0.0369659    0.318939    
-0.948712    -0.882767    0.148045    0.94563    -0.0274681    -0.0514811    0.319969    
-0.948021    -0.864885    0.153728    0.945715    -0.0211545    -0.0654878    0.317628    
-0.939126    -0.866715    0.126654    0.946383    -0.00883564    -0.0634507    0.316632    
-0.932125    -0.855106    0.152317    0.948021    -0.0161743    -0.0545813    0.313073    
-0.925437    -0.854527    0.149148    0.94688    -0.0212891    -0.0634222    0.314552    
-0.917511    -0.8548    0.137567    0.946187    -0.0197467    -0.0655417    0.316298    
-0.911752    -0.861411    0.12875    0.946492    -0.0176727    -0.0584042    0.316905    
-0.905096    -0.856821    0.118893    0.946825    -0.0134852    -0.0596103    0.315891    
-0.898927    -0.857484    0.104252    0.946355    -0.00942632    -0.0649197    0.316401    
-0.896386    -0.857918    0.0617071    0.945865    -0.0150428    -0.077594    0.314791    
-0.895742    -0.85737    0.0320294    0.945398    -0.0269735    -0.0811463    0.314499    
-0.886183    -0.833195    0.132619    0.94774    -0.0385595    -0.0473184    0.313151    
-0.879586    -0.818701    0.180386    0.948716    -0.0222947    -0.0388111    0.312946    
-0.867651    -0.815692    0.222224    0.948672    -0.0241979    -0.0195351    0.31473    
-0.865957    -0.808594    0.202386    0.950013    0.00378355    -0.0350871    0.31021    
-0.861461    -0.806671    0.178273    0.948642    0.00046169    -0.0567467    0.311221    
-0.852489    -0.7955    0.175104    0.948921    -0.00779658    -0.0483066    0.311697    
-0.959608    -0.465829    0.209426    0.952222    0.0340397    -0.0161901    0.30307    
-0.95396    -0.492428    0.153317    0.952291    0.00388509    -0.059083    0.299391    
-0.941005    -0.559552    0.0564549    0.950084    -0.0319203    -0.0759352    0.300924    
-0.953546    -0.571358    -0.0333178    0.950185    -0.0449129    -0.0890531    0.295298    
-0.945708    -0.578179    -0.0289532    0.952057    -0.0559506    -0.058125    0.295089    
-0.943229    -0.592857    0.0290343    0.951671    -0.0464079    -0.02945    0.30216    
-0.936511    -0.591477    0.112843    0.952283    -0.0294352    -0.0207074    0.303087    
-0.917518    -0.632313    0.119281    0.948979    -0.00598837    -0.0883563    0.302649    
-0.920664    -0.65233    0.035429    0.947736    -0.0213167    -0.097393    0.303079    
-0.921561    -0.665476    -0.0016234    0.948906    -0.0291899    -0.082476    0.303187    
-0.918645    -0.680559    -0.00769162    0.951101    -0.00619023    -0.0809967    0.298006    
-0.927348    -0.694329    -0.0205452    0.948961    -0.0218724    -0.101161    0.297928    
-0.929944    -0.694466    0.130195    0.950081    -0.0417693    -0.0573506    0.303831    
-0.93693    -0.680597    0.180308    0.949768    -0.0408269    -0.0539025    0.305563    
-0.942615    -0.669587    0.230324    0.950305    -0.0413624    -0.0324022    0.306855    
-0.940215    -0.667342    0.255213    0.950564    -0.0276872    -0.0168622    0.308833    
-0.942621    -0.679497    0.236    0.951126    0.00364693    -0.0170393    0.308312    
-0.941103    -0.696691    0.185405    0.950772    0.0208942    -0.0346583    0.307238    
-0.941782    -0.708609    0.147191    0.95043    0.0135504    -0.0532475    0.306046    
-0.946775    -0.71365    0.139113    0.95014    -0.00615443    -0.0613311    0.305672    
-0.939011    -0.716005    0.138576    0.949983    -0.0105332    -0.059608    0.30638    
-0.928884    -0.720785    0.140721    0.949808    -0.0094347    -0.0587366    0.307125    
-0.927926    -0.728637    0.138328    0.949684    -0.00814254    -0.0603213    0.307238    
-0.922359    -0.731595    0.136697    0.949795    -0.00553868    -0.0603428    0.306949    
-0.921416    -0.738663    0.1251    0.949122    -0.0056081    -0.0657756    0.307912    
-0.919985    -0.743057    0.129178    0.949265    -0.0102309    -0.0617974    0.308176    
-0.910756    -0.741441    0.122051    0.948996    -0.0089208    -0.0658913    0.308198    
-0.910794    -0.747986    0.124443    0.949286    -0.00875213    -0.0633198    0.307847    
-0.910561    -0.753324    0.143477    0.948666    -0.0167648    -0.0574059    0.310574    
-0.90758    -0.741761    0.157271    0.950514    -0.0180956    -0.0525224    0.305676    
-0.906898    -0.760703    0.128951    0.949439    0.00872862    -0.0604956    0.307944    
-0.909905    -0.770247    0.0774707    0.948895    0.0173461    -0.077721    0.305379    
-0.912285    -0.770428    0.0714141    0.949004    -0.00973481    -0.0847551    0.303503    
-0.911042    -0.775778    0.0952271    0.94776    -0.024071    -0.0770657    0.308599    
-0.915427    -0.773012    0.134869    0.948359    -0.0203671    -0.0605481    0.310698    
-0.912944    -0.766129    0.185001    0.947026    -0.0502494    -0.0500258    0.313231    
-0.911981    -0.754842    0.202276    0.949598    -0.0243638    -0.0353916    0.310512    
-0.913293    -0.764396    0.170477    0.950368    0.00849476    -0.0391958    0.308531    
-0.919248    -0.7814    0.136384    0.949512    0.00207184    -0.0532813    0.309167    
-0.915762    -0.791294    0.140372    0.948147    -0.014275    -0.0553781    0.312644    
-0.910625    -0.787278    0.129053    0.948456    -0.0137857    -0.0613201    0.310613    
-0.915076    -0.787918    0.12746    0.949115    -0.0124383    -0.0610335    0.308709    
-0.91383    -0.792955    0.125147    0.94873    -0.0113694    -0.060167    0.310099    
-0.910655    -0.791258    0.13594    0.948641    -0.0183631    -0.0580519    0.310439    
-0.9129    -0.801144    0.129037    0.94825    -0.0125028    -0.0574506    0.312032    
-0.9162    -0.80094    0.121407    0.948044    -0.0148077    -0.0640485    0.311274    
-0.915574    -0.794614    0.10097    0.947826    -0.0261305    -0.0660644    0.31077    
-0.921437    -0.80287    0.0197166    0.943897    -0.0276593    -0.103488    0.312383    
-0.921035    -0.799452    -0.0343898    0.943885    -0.0452608    -0.0998804    0.311539    
-0.921832    -0.800748    -0.0501287    0.94493    -0.058311    -0.0768958    0.312722    
-0.930057    -0.780897    -0.0181792    0.948785    -0.0538365    -0.0491219    0.307401    
-0.934703    -0.782862    0.042425    0.948243    -0.0399284    -0.0437992    0.311965    
-0.930867    -0.755033    0.130351    0.949708    -0.018136    -0.0352717    0.310614    
-0.929299    -0.74348    0.19044    0.950631    -0.000244787    -0.0361395    0.308213    
-0.918514    -0.725034    0.247795    0.951443    0.014859    -0.0395888    0.304905    
-0.898188    -0.709788    0.299985    0.952489    0.0222638    -0.0129163    0.303483    
-0.896287    -0.695542    0.331142    0.954237    0.0340796    -0.0276871    0.295811    
-0.903615    -0.697654    0.301333    0.951341    0.0352489    -0.0648588    0.299168    
-0.9289    -0.705392    0.210252    0.947772    0.0184283    -0.0953002    0.30382    
-0.940368    -0.718297    0.15767    0.947254    0.00264828    -0.0881484    0.308112    
-0.938472    -0.718501    0.137019    0.949159    -0.0071493    -0.0657699    0.307768    
-0.936274    -0.719908    0.12947    0.949803    -0.00690058    -0.0596876    0.307026    
-0.93525    -0.73141    0.131866    0.948835    -0.0116877    -0.0607763    0.309649    
-0.933238    -0.729473    0.140946    0.949442    -0.013118    -0.0556985    0.308684    
-0.932355    -0.734855    0.13372    0.949025    -0.0119334    -0.0591165    0.309377    
-0.932668    -0.745074    0.115851    0.947709    -0.0134989    -0.0643436    0.312289    
-0.929637    -0.727096    0.128709    0.950487    -0.0142353    -0.0582042    0.304934    
-0.931705    -0.726303    0.122504    0.950782    -0.0121878    -0.0602457    0.303703    
-0.931301    -0.733955    0.137023    0.949526    -0.0180896    -0.0550466    0.308292    
-0.933081    -0.739542    0.120819    0.949028    -0.0154673    -0.0598978    0.30906    
-0.933411    -0.749063    0.117078    0.948459    -0.00883188    -0.0577476    0.31147    
-0.937089    -0.738926    0.124671    0.949686    -0.015223    -0.0571917    0.307561    
-0.937    -0.741772    0.121973    0.948885    -0.0145266    -0.0611201    0.309308    
-0.93615    -0.744282    0.125521    0.948353    -0.0146176    -0.0584185    0.311448    
-0.938134    -0.732958    0.131009    0.949447    -0.0139568    -0.0551835    0.308724    
-0.943801    -0.729885    0.13001    0.94957    -0.0136775    -0.0558105    0.308246    
-0.94622    -0.722429    0.133885    0.949943    -0.0150665    -0.0538906    0.307371    
-0.956085    -0.703968    0.145716    0.951496    -0.016598    -0.0542526    0.302386    
-0.953155    -0.70403    0.144912    0.950807    -0.0121883    -0.0549093    0.304636    
-0.960251    -0.705771    0.149025    0.950111    -0.0143574    -0.0543921    0.306796    
-0.967501    -0.709356    0.144727    0.950038    -0.0111071    -0.0555824    0.306945    
-0.968623    -0.698157    0.143091    0.950494    -0.0117348    -0.0560798    0.305416    
-0.971342    -0.693469    0.141334    0.950826    -0.0104934    -0.0552166    0.304584    
-0.967817    -0.702317    0.154671    0.948938    -0.0116842    -0.0519025    0.310945    
-0.970786    -0.676416    0.173052    0.95211    -0.0114049    -0.0465473    0.301977    
-0.965763    -0.688354    0.187086    0.951368    0.000902578    -0.0434971    0.30497    
-0.972315    -0.691109    0.173936    0.950043    0.000762684    -0.0630802    0.305679    
-0.97629    -0.686421    0.155436    0.950125    -0.00987022    -0.0605843    0.30577    
-0.98059    -0.697472    0.164954    0.949809    -0.00979202    -0.0497546    0.308693    
-0.979527    -0.694753    0.162271    0.949826    -0.00724384    -0.0548352    0.30785    
-0.971038    -0.692713    0.185234    0.949983    -0.00697729    -0.0437918    0.309137    
-0.97229    -0.688179    0.228056    0.952443    0.00701625    -0.0425802    0.301646    
-0.982753    -0.712004    0.175507    0.947192    -0.00463022    -0.0798496    0.310531    
-0.986959    -0.70761    0.14548    0.947435    -0.0294747    -0.0673288    0.311392    
-0.982653    -0.687331    0.191095    0.9505    -0.0339844    -0.0190669    0.308272    
-0.968148    -0.705429    0.182312    0.950432    0.00491955    -0.0126747    0.310635    
-0.970066    -0.713274    0.153217    0.9508    0.0145198    -0.0334096    0.307657    
-0.966076    -0.707768    0.126216    0.951117    0.00982746    -0.0570103    0.303364    
-0.962872    -0.724092    0.0806899    0.949132    0.00592917    -0.0788773    0.304782    
-0.96421    -0.724346    0.0659877    0.94901    -0.0090397    -0.0880706    0.30256    
-0.964583    -0.706392    0.081031    0.950497    -0.0217088    -0.0863548    0.297704    
-0.964884    -0.707423    0.119316    0.949203    -0.0389261    -0.0757119    0.30293    
-0.95187    -0.692076    0.157728    0.950333    -0.0315155    -0.0576364    0.304223    
-0.949998    -0.709237    0.197193    0.949602    -0.0189675    -0.0374471    0.310635    
-0.94697    -0.709038    0.191549    0.949884    -0.000204782    -0.0530618    0.308068    
-0.95775    -0.727336    0.170325    0.948146    -0.00700796    -0.0579206    0.312435    
-0.95342    -0.719853    0.155226    0.948889    -0.00493492    -0.0642178    0.308967    
-0.957898    -0.720128    0.14678    0.949403    -0.0105563    -0.060396    0.308019    
-0.961269    -0.722756    0.135991    0.9502    -0.0111525    -0.0585949    0.30588    
-0.97394    -0.731215    0.0872208    0.948872    -0.0280005    -0.0639731    0.307839    
-0.962046    -0.725929    0.117338    0.949705    -0.0278024    -0.0435093    0.308859    
-0.963039    -0.716433    0.175487    0.951295    -0.0144378    -0.0437111    0.304827    
-0.964572    -0.724491    0.156808    0.949297    -0.0126997    -0.0534286    0.309546    
-0.966825    -0.710764    0.163549    0.950974    -0.0176226    -0.0485868    0.304921    
-0.96302    -0.724644    0.158215    0.949722    -0.0118542    -0.050628    0.308746    
-0.96504    -0.721456    0.172398    0.950159    -0.0146696    -0.0471389    0.307833    
-0.963318    -0.7133    0.159439    0.950782    -0.0136673    -0.0517263    0.305206    
-0.961937    -0.721327    0.163465    0.950344    -0.0110677    -0.0475995    0.307339    
-0.964455    -0.716479    0.147374    0.951248    -0.00723358    -0.0553378    0.303337    
-0.962598    -0.716805    0.156711    0.950495    -0.0131908    -0.0526358    0.305967    
-0.959771    -0.727161    0.161242    0.949392    -0.0136989    -0.0505546    0.309696    
-0.961128    -0.717961    0.152199    0.950248    -0.0141242    -0.0546688    0.306335    
-0.961085    -0.717939    0.152167    0.950234    -0.0140738    -0.0547109    0.306371    
-0.961244    -0.717819    0.152001    0.95022    -0.0140841    -0.0547317    0.306412    
-0.963519    -0.726404    0.159836    0.949518    -0.0151111    -0.0518177    0.309034    
-0.961252    -0.717819    0.152002    0.950218    -0.0140891    -0.0547542    0.306412    
-0.96112    -0.717951    0.152188    0.950218    -0.0140795    -0.0547595    0.306412    
