0.569312 -0.508096 0.457021 -0.457005
0.553291 -0.515714 0.471905 -0.453005
0.539034 -0.53606 0.479196 -0.438695
0.537145 -0.547248 0.478462 -0.427866
0.53389 -0.541942 0.479433 -0.437497
0.525972 -0.418106 0.493056 -0.552664
0.553383 -0.417191 0.473427 -0.543678
0.521326 -0.438018 0.496948 -0.53796
0.55594 -0.452356 0.460012 -0.524113
0.581266 -0.533904 0.420527 -0.447475
0.511962 -0.493375 0.497341 -0.497121
0.522587 0.593208 -0.611751 0.0277125
0.508247 -0.587467 0.476736 -0.41145
0.579965 -0.554654 0.409324 -0.434112
0.518484 -0.518758 0.436662 -0.520952
0.517052 -0.597472 0.461964 -0.402833
0.522094 -0.437584 0.476748 -0.555562
0.568875 -0.585908 0.402025 -0.414089
-0.484255 0.613332 -0.482981 0.395032
0.523177 -0.424229 0.46858 -0.571619
-0.491861 0.628537 -0.465744 0.382225
0.542263 -0.617375 0.415385 -0.390197
0.539951 -0.418398 0.444346 -0.579615
-0.498879 0.633094 -0.448513 0.386196
0.546763 -0.415222 0.432489 -0.584461
0.549234 -0.426389 0.431865 -0.57448
0.53713 -0.421441 0.443707 -0.580519
-0.496536 0.499623 -0.501723 0.502099
0.507248 -0.63338 0.43545 -0.389759
-0.296511 0.129543 -0.614125 0.719827
0.538812 -0.446635 0.438168 -0.564099
0.564359 -0.448484 0.409746 -0.558989
-0.480638 0.500944 -0.486922 0.530046
0.582305 -0.473198 0.475354 -0.459394
0.567718 -0.478671 0.402949 -0.534978
0.588177 -0.554444 0.364669 -0.462229
0.572909 -0.485327 0.396978 -0.527864
0.573179 -0.510529 0.39447 -0.505192
0.581209 -0.564055 0.372329 -0.453221
0.592347 -0.538148 0.365272 -0.475498
0.599039 -0.557189 0.350769 -0.455691
0.616725 -0.533515 0.337125 -0.470487
0.603435 -0.518293 0.357606 -0.489241
0.635595 0.607606 0.304405 -0.366295
0.590467 -0.545061 0.364927 -0.470198
0.608036 -0.563153 0.33943 -0.444903
0.599528 -0.544197 0.354266 -0.467879
0.601217 -0.552993 0.349995 -0.458521
0.586372 -0.479839 0.384847 -0.527082
0.607221 -0.541624 0.341433 -0.470478
0.60593 -0.528801 0.286291 -0.520822
0.562475 -0.601095 0.368264 -0.432074
-0.484726 0.482599 -0.470103 0.557801
0.510396 -0.468056 0.445858 -0.567124
-0.476024 0.479948 -0.485385 0.554484
-0.497006 0.657692 -0.405516 0.394948
0.579743 -0.479993 0.37786 -0.53919
0.592939 -0.506863 0.356929 -0.513921
-0.498647 0.66148 -0.400723 0.391428
0.586038 -0.513555 0.359865 -0.513144
0.502152 -0.66422 0.394841 -0.388273
-0.49313 0.682179 -0.390728 0.372539
-0.498517 0.679343 -0.387246 0.374184
0.511128 -0.668793 0.377711 -0.385745
0.525478 -0.671794 0.361136 -0.377023
0.591262 -0.621553 0.309299 -0.410384
0.612662 -0.623598 0.280685 -0.396215
0.542961 -0.651066 0.348701 -0.399643
0.603773 -0.614921 0.297851 -0.410628
-0.493048 0.685414 -0.382 0.375749
-0.495479 0.680738 -0.382925 0.380086
0.612847 -0.604185 0.292562 -0.416878
0.639759 -0.600236 0.255047 -0.406664
0.612706 -0.59388 0.296374 -0.429022
0.653276 -0.597411 0.242637 -0.396809
0.659043 -0.591896 0.238159 -0.398248
-0.486985 0.686687 -0.383614 0.379667
0.505627 -0.66213 0.384173 -0.397915
0.670638 -0.588313 0.224103 -0.392314
0.691277 -0.592176 0.192055 -0.36685
-0.492312 0.669998 -0.39434 0.391443
-0.490927 0.685636 -0.389083 0.370821
0.690231 -0.580674 0.21707 -0.373203
0.669844 -0.579836 0.303391 -0.350788
0.712811 -0.567939 0.197879 -0.360817
-0.48476 0.68963 -0.405874 0.353106
0.7141 -0.572097 0.204627 -0.3477
0.508727 -0.67246 0.401805 -0.357138
0.715042 -0.578357 0.204688 -0.335143
0.718711 -0.573861 0.20284 -0.336145
0.721467 -0.581439 0.192363 -0.323124
0.722699 -0.580782 0.190806 -0.322477
0.726882 -0.576894 0.190288 -0.320353
0.735053 -0.57399 0.175318 -0.315431
0.729364 -0.586179 0.181004 -0.302753
0.725133 -0.587445 0.186764 -0.306935
0.732655 -0.585233 0.175561 -0.299828
0.724219 -0.585285 0.189951 -0.311234
0.725962 -0.589237 0.183786 -0.303319
0.724806 -0.598104 0.177042 -0.292548
0.723058 -0.603829 0.173979 -0.286895
0.723058 -0.603829 0.173979 -0.286895
0.715982 -0.604663 0.188801 -0.293439
0.569223 -0.635433 0.372553 -0.365259
0.711036 -0.601394 0.204233 -0.301732
0.711036 -0.601394 0.204233 -0.301732
0.713458 -0.603955 0.19799 -0.294985
0.713458 -0.603955 0.19799 -0.294985
0.578415 -0.581376 0.393799 -0.415164
0.706866 -0.612045 0.204081 -0.289987
0.587846 -0.578334 0.39059 -0.409154
0.72614 -0.605009 0.181607 -0.271485
0.567155 -0.5921 0.408677 -0.40092
0.716252 -0.598735 0.212339 -0.28881
0.723166 -0.599054 0.200279 -0.27938
0.742195 -0.58919 0.177234 -0.265687
0.732239 -0.594913 0.195906 -0.267442
0.562878 -0.601186 0.418649 -0.382723
0.738221 -0.582962 0.198071 -0.275595
0.547415 -0.618722 0.42961 -0.364629
0.549061 -0.609647 0.436115 -0.369685
0.755756 -0.57 0.181061 -0.266739
0.750861 -0.575186 0.191518 -0.262088
0.759078 -0.570953 0.178016 -0.257145
0.541447 -0.61867 0.442838 -0.357739
0.527208 -0.63653 0.449857 -0.338393
0.539533 -0.627824 0.444953 -0.3417
0.526797 -0.632204 0.454132 -0.341421
0.764901 -0.559873 0.191223 -0.25476
0.76357 -0.561505 0.192546 -0.254163
0.761396 -0.563771 0.200414 -0.249545
0.763005 -0.562411 0.19969 -0.248276
0.539285 -0.615539 0.465792 -0.336633
0.773705 -0.547404 0.202541 -0.246386
0.543712 -0.60197 0.475315 -0.340711
0.533375 -0.609369 0.482562 -0.333637
0.762328 -0.556333 0.227642 -0.239851
0.536266 -0.60884 0.485025 -0.326319
0.760355 -0.557963 0.235703 -0.234481
0.546188 -0.598652 0.48603 -0.327214
0.562372 -0.594419 0.473952 -0.325228
0.574654 -0.566297 0.477977 -0.347302
0.755096 -0.554252 0.254655 -0.240387
0.743457 -0.566609 0.268256 -0.232949
0.739551 -0.5634 0.277487 -0.242169
0.731303 -0.573341 0.286288 -0.233484
0.589915 -0.585389 0.456478 -0.317721
0.709601 -0.569275 0.323594 -0.260154
0.644628 -0.555392 0.414583 -0.322668
0.636297 -0.52748 0.436304 -0.355711
0.702119 -0.568574 0.32742 -0.276675
0.630967 -0.564863 0.417297 -0.329656
0.583565 -0.62858 0.432917 -0.277347
0.686152 -0.559381 0.348118 -0.308387
0.689941 -0.560926 0.341279 -0.304747
0.67589 -0.552227 0.364376 -0.324727
0.648963 -0.52315 0.406807 -0.373724
0.54569 -0.643486 0.454061 -0.286316
0.653753 -0.572512 0.373702 -0.32432
0.675694 -0.563801 0.348295 -0.322888
0.663172 -0.540475 0.377516 -0.35436
0.551239 -0.633648 0.449931 -0.303625
0.655328 -0.56635 0.371547 -0.334283
0.625195 -0.597671 0.390391 -0.31546
0.647673 -0.565358 0.379093 -0.342314
0.622157 -0.58147 0.400551 -0.338188
0.608071 -0.481885 0.452158 -0.439989
0.678713 -0.55419 0.339503 -0.341993
0.630409 -0.553744 0.399636 -0.369111
0.685644 -0.54166 0.331236 -0.356061
0.600791 -0.469621 0.454658 -0.460208
0.539061 -0.424612 0.516537 -0.51216
0.535436 -0.415133 0.519127 -0.521037
0.65155 -0.542527 0.371276 -0.378551
0.479945 -0.432861 0.556945 -0.521628
0.442822 -0.528577 0.560446 -0.45871
0.51411 -0.514997 0.466592 -0.502753
0.513773 -0.512076 0.455306 -0.516247
0.539415 -0.437998 0.510621 -0.506415
0.568771 -0.423547 0.486068 -0.510731
0.623125 -0.553049 0.400945 -0.380914
0.623717 -0.548977 0.40159 -0.385133
0.543244 -0.585635 0.473312 -0.37134
0.563681 -0.558726 0.462915 -0.394713
0.637283 -0.524983 0.390243 -0.407398
0.640523 -0.527649 0.383693 -0.405088
0.626871 -0.530448 0.397422 -0.409527
0.584069 -0.561995 0.439281 -0.387373
0.565411 -0.416422 0.482091 -0.52392
0.52531 -0.416157 0.519828 -0.529757
0.565001 -0.424402 0.479432 -0.520387
0.569469 -0.409393 0.480308 -0.526694
0.570015 -0.410566 0.480832 -0.524708
0.578023 -0.413606 0.469995 -0.523378
0.530685 -0.510701 0.512371 -0.441627
0.559595 -0.379965 0.490142 -0.549764
0.550806 -0.390879 0.498469 -0.543466
0.550425 -0.385273 0.497801 -0.548444
0.543788 -0.374437 0.513123 -0.548449
0.520076 -0.509536 0.449087 -0.517895
0.544395 -0.366169 0.499668 -0.565585
0.542207 -0.366768 0.502785 -0.564535
0.530309 -0.349418 0.509596 -0.58051
0.538904 -0.383923 0.503887 -0.555233
0.52619 -0.364105 0.511585 -0.573439
0.536905 -0.368929 0.500284 -0.570386
0.535084 -0.365884 0.501287 -0.573171
0.523938 -0.350504 0.509588 -0.585625
0.51754 -0.352032 0.512216 -0.5881
-0.499243 0.349606 -0.527824 0.591552
0.582165 -0.451992 0.474705 -0.481085
0.504545 -0.335938 0.515674 -0.605525
0.502357 -0.332938 0.516734 -0.608092
0.489499 -0.449231 0.533797 -0.523108
-0.489787 0.337606 -0.524654 0.60899
0.508193 -0.480559 0.518157 -0.492257
-0.482143 0.303186 -0.523559 0.633642
-0.475578 0.318759 -0.530181 0.625401
0.532338 -0.451849 0.486194 -0.525418
-0.46611 0.298343 -0.534227 0.639011
-0.449669 0.282887 -0.543376 0.650011
-0.453178 0.284613 -0.535261 0.653545
-0.44409 0.255774 -0.534805 0.671824
0.51642 -0.491033 0.506217 -0.485738
0.514636 -0.509323 0.392207 -0.567374
0.482916 -0.519994 0.539173 -0.453531
0.537558 -0.602568 0.463883 -0.364357
-0.412199 0.233122 -0.549621 0.688232
-0.418483 0.232298 -0.547673 0.686268
-0.416151 0.23244 -0.551251 0.684772
-0.400927 0.225555 -0.556325 0.692016
0.529647 -0.593045 0.475211 -0.376757
0.523945 -0.592083 0.488339 -0.369383
0.540007 -0.496334 0.465625 -0.495215
-0.399695 0.223158 -0.548571 0.699653
0.526855 -0.585039 0.48311 -0.383091
-0.478232 0.473482 -0.507885 0.537737
-0.400133 0.216746 -0.547657 0.70213
0.495494 -0.480448 0.5172 -0.506122
0.49283 -0.47912 0.518659 -0.508483
0.494379 -0.479645 0.516448 -0.508735
0.521327 -0.577257 0.492967 -0.389841
-0.387939 0.21585 -0.558198 0.700947
0.512752 -0.490624 0.5063 -0.489933
0.503142 -0.47969 0.512886 -0.503681
-0.365014 0.203407 -0.56777 0.709244
0.523624 -0.57695 0.484124 -0.398209
0.518086 -0.579556 0.488863 -0.395873
0.500663 -0.499371 0.499633 -0.500331
0.504669 -0.49932 0.501528 -0.494427
-0.342407 0.205011 -0.570425 0.717874
-0.340571 0.205959 -0.56572 0.722186
-0.325001 0.197124 -0.569628 0.728725
0.511022 -0.600463 0.469951 -0.396796
-0.327413 0.200937 -0.562657 0.732013
-0.32525 0.194944 -0.558271 0.737931
-0.482043 0.500316 -0.499495 0.517516
-0.49007 0.529504 -0.478764 0.500242
-0.303195 0.181373 -0.564024 0.74636
-0.302316 0.169383 -0.555035 0.756208
-0.306164 0.178528 -0.554417 0.753003
-0.479134 0.597474 -0.487111 0.419735
-0.491693 0.444915 -0.46785 0.584298
-0.304876 0.185149 -0.557124 0.749922
0.501632 -0.59986 0.470256 -0.409138
0.503546 -0.610293 0.46641 -0.395531
-0.480671 0.503504 -0.497749 0.517383
-0.47846 0.508234 -0.501437 0.511209
0.744523 0.553836 0.191449 0.319841
0.502437 -0.602775 0.471166 -0.402767
-0.31644 0.185991 -0.560843 0.742111
-0.311629 0.185903 -0.560245 0.744616
-0.321102 0.188228 -0.557766 0.741863
-0.32477 0.19185 -0.557385 0.739621
-0.490996 0.511823 -0.491113 0.505735
0.753673 0.557113 0.161617 0.309002
0.511276 -0.506395 0.468386 -0.512616
-0.3208 0.180645 -0.55589 0.745279
-0.422983 0.456879 -0.545755 0.560802
-0.32363 0.185376 -0.558283 0.741094
-0.495675 0.511457 -0.483489 0.508879
-0.492591 0.514161 -0.489643 0.503232
-0.325725 0.175042 -0.548177 0.750177
-0.330855 0.187052 -0.549661 0.743921
-0.341336 0.192135 -0.542345 0.74326
-0.32967 0.179557 -0.550982 0.745316
-0.334592 0.181689 -0.547027 0.745519
-0.487781 0.506573 -0.494051 0.51124
-0.33265 0.177365 -0.554275 0.742068
-0.345695 0.185503 -0.547096 0.739438
-0.342648 0.180936 -0.545721 0.742996
0.505632 -0.621894 0.472378 -0.366666
-0.360029 0.189916 -0.542257 0.73503
-0.360814 0.183402 -0.540352 0.737697
-0.362651 0.184073 -0.538769 0.737787
-0.495754 0.52216 -0.484494 0.496833
-0.368342 0.194688 -0.537096 0.73345
0.504584 -0.625877 0.470677 -0.363505
-0.383044 0.206751 -0.523714 0.732294
-0.383825 0.204163 -0.519401 0.735676
-0.387865 0.205832 -0.523126 0.730434
-0.496914 0.51083 -0.487587 0.50437
0.501372 -0.631087 0.47109 -0.35837
0.500549 -0.486987 0.504676 -0.507539
0.480968 -0.456393 0.531273 -0.527375
-0.424853 0.24014 -0.51869 0.701993
-0.423818 0.232759 -0.519856 0.704238
-0.43519 0.234415 -0.512945 0.701816
-0.442483 0.253617 -0.516234 0.688032
-0.447376 0.247762 -0.517392 0.68613
0.514461 -0.613736 0.479705 -0.358525
-0.439658 0.256019 -0.533022 0.67605
0.52359 -0.510361 0.499451 -0.464686
-0.45174 0.258369 -0.526083 0.672616
0.519074 -0.597916 0.487111 -0.368486
0.502217 -0.467063 0.517595 -0.511592
-0.467317 0.278597 -0.517345 0.660571
-0.462067 0.274656 -0.526107 0.658991
-0.466972 0.429077 -0.494105 0.594718
0.515397 -0.489528 0.507128 -0.48739
-0.471276 0.274334 -0.519509 0.657837
0.523469 -0.459797 0.517622 -0.496623
-0.474797 0.282514 -0.526992 0.645781
-0.474046 0.291479 -0.528485 0.641111
0.510419 -0.483376 0.517975 -0.487362
-0.496992 0.293595 -0.513898 0.634594
0.510151 -0.48 0.520218 -0.488588
0.521039 -0.504684 0.506907 -0.465679
0.503508 -0.296895 0.503329 -0.636391
0.503686 -0.302543 0.50687 -0.630754
-0.496741 0.307071 -0.512358 0.629639
-0.496635 0.310931 -0.50956 0.630099
0.507737 -0.489997 0.513145 -0.488659
-0.490893 0.494496 -0.506364 0.508029
0.502436 -0.310395 0.497703 -0.63522
0.525575 -0.474246 0.471621 -0.525771
0.508505 -0.476376 0.505064 -0.509312
0.513186 -0.491866 0.481405 -0.512793
0.505087 -0.493155 0.507828 -0.493757
0.561063 -0.560386 0.43675 -0.424765
0.505929 -0.493096 0.505366 -0.495477
0.504942 -0.496477 0.504465 -0.494024
0.504942 -0.496477 0.504465 -0.494024
0.663833 -0.435181 0.437111 -0.422938
0.507956 -0.340214 0.491849 -0.619935
-0.489638 0.547807 -0.49834 0.460238
0.509983 -0.500322 0.503949 -0.485418
0.512669 -0.356696 0.48868 -0.609205
0.508067 -0.341822 0.492071 -0.618782
0.510407 -0.34672 0.486791 -0.618308
0.513357 -0.357686 0.488334 -0.608322
0.502532 -0.337987 0.49638 -0.621959
0.505119 -0.51098 0.492402 -0.491217
0.501627 -0.495589 0.50764 -0.495039
0.527787 -0.363254 0.474638 -0.603495
0.514088 -0.349125 0.483991 -0.616099
0.511392 -0.343852 0.48899 -0.617359
0.522446 -0.552392 0.503089 -0.410871
0.512224 -0.349767 0.491115 -0.611634
0.498583 -0.495466 0.509499 -0.496327
0.51415 -0.349039 0.488532 -0.612501
0.512222 -0.490662 0.504245 -0.492561
0.511885 -0.339462 0.491379 -0.617483
0.517567 -0.515505 0.504579 -0.460194
0.485813 -0.511781 0.51624 -0.485347
0.509603 -0.494549 0.502554 -0.493119
0.509077 -0.499522 0.502181 -0.489011
0.519233 -0.352255 0.478713 -0.614124
0.523026 -0.368558 0.481901 -0.598649
0.505022 -0.501092 0.502096 -0.49169
0.509014 -0.364746 0.490734 -0.605843
0.501807 -0.500427 0.500913 -0.496838
0.527871 -0.380535 0.470552 -0.595925
0.515922 -0.371576 0.480648 -0.603931
0.519691 -0.370173 0.475642 -0.605523
0.734225 -0.0831866 -0.291134 -0.607647
0.491302 -0.507846 0.517402 -0.482711
0.511243 -0.392474 0.482557 -0.593071
0.528025 -0.411066 0.464085 -0.580379
0.540927 -0.442868 0.457126 -0.54982
-0.498209 0.498131 -0.49973 0.503908
0.520706 -0.414773 0.473833 -0.576464
0.540578 -0.437078 0.455471 -0.556134
-0.498554 0.500644 -0.499638 0.501159
-0.498005 0.501462 -0.499133 0.501391
0.566016 -0.539602 0.425957 -0.454991
0.554616 -0.54108 0.434712 -0.458976
0.530981 -0.441621 0.467818 -0.551522
0.530897 -0.442183 0.467968 -0.551025
0.554813 -0.532033 0.436003 -0.468
-0.496647 0.499396 -0.497875 0.506029
-0.480185 0.578092 -0.504023 0.425667
0.533612 -0.441717 0.4644 -0.551795
0.558764 -0.552144 0.427614 -0.447288
0.557533 -0.480161 0.437781 -0.516672
-0.481205 0.587016 -0.500032 0.41692
-0.498452 0.496792 -0.496444 0.508219
0.518581 -0.432396 0.473372 -0.565709
0.559319 -0.54527 0.427493 -0.455075
-0.48157 0.608676 -0.489701 0.397236
0.50716 -0.590835 0.471144 -0.414398
0.549609 -0.488117 0.441128 -0.514857
0.533793 -0.442164 0.45936 -0.555468
-0.475068 0.601931 -0.499932 0.402563
0.500638 -0.588629 0.478979 -0.416481
0.500638 -0.588629 0.478979 -0.416481
0.522884 -0.43061 0.469423 -0.5664
0.55078 -0.553085 0.437483 -0.446482
0.55985 -0.556837 0.426818 -0.440825
0.523611 -0.44257 0.475904 -0.550889
0.520268 -0.440902 0.473839 -0.557138
-0.495407 0.497622 -0.497955 0.508906
0.506125 -0.558446 0.482816 -0.445942
0.516528 -0.419765 0.484031 -0.568076
-0.498025 0.499932 -0.496966 0.505038
0.523842 -0.437638 0.47428 -0.555987
0.538254 -0.5685 0.447274 -0.432477
0.536494 -0.441807 0.467189 -0.546548
-0.471157 0.588278 -0.510582 0.41382
-0.471157 0.588278 -0.510582 0.41382
0.557633 -0.515218 0.441306 -0.478377
0.573517 -0.544092 0.416416 -0.449043
0.518527 -0.571076 0.472204 -0.426644
0.500761 -0.49172 0.504456 -0.502965
0.578444 -0.556545 0.408559 -0.434442
0.510808 -0.502707 0.512661 -0.4728
0.544053 -0.488345 0.457913 -0.505807
0.54686 -0.46474 0.452472 -0.529368
0.530706 -0.447548 0.469872 -0.545227
0.561758 -0.582233 0.418827 -0.412331
0.535346 -0.440805 0.462895 -0.552109
0.545988 -0.5883 0.433902 -0.409303
-0.483603 0.61599 -0.486917 0.386776
0.530082 -0.467231 0.466086 -0.532422
0.549958 -0.576477 0.42876 -0.425894
0.502862 -0.61092 0.469806 -0.391394
0.535003 -0.590668 0.444782 -0.408719
-0.499518 0.517289 -0.488101 0.494623
0.515738 -0.444506 0.478691 -0.554331
0.525814 -0.446442 0.468845 -0.551719
-0.492256 0.502988 -0.500801 0.503871
0.517026 -0.464701 0.47993 -0.535168
0.542372 -0.43895 0.455612 -0.552787
0.504514 -0.50533 0.494605 -0.495452
0.517335 -0.459697 0.484328 -0.535229
0.536208 -0.466594 0.46576 -0.527104
0.516857 -0.4597 0.484762 -0.535294
0.500183 -0.500081 0.500012 -0.499724
0.558858 -0.538373 0.435737 -0.456032
0.519715 -0.436529 0.483913 -0.552419
0.518872 -0.576858 0.468101 -0.422951
0.579949 -0.557953 0.409165 -0.430036
0.524449 -0.52658 0.500748 -0.443754
-0.445819 0.601594 -0.532155 0.395147
0.537303 -0.515982 0.462182 -0.481098
-0.496659 0.510153 -0.464051 0.527001
0.534837 -0.457916 0.466038 -0.535789
0.503105 -0.539004 0.498745 -0.455646
0.503806 -0.5524 0.49047 -0.447741
0.525818 -0.46224 0.476191 -0.532064
0.502834 -0.50008 0.50003 -0.497038
0.51954 -0.454351 0.487223 -0.535029
0.532003 -0.508858 0.478016 -0.4791
0.516157 -0.444495 0.490262 -0.543737
0.591802 -0.550236 0.406577 -0.42627
0.504371 -0.457509 0.503988 -0.531311
0.510654 -0.461364 0.498203 -0.527418
0.508578 -0.438024 0.496011 -0.55087
0.512689 -0.451081 0.493805 -0.538361
0.530463 -0.437936 0.480377 -0.544113
0.530463 -0.437936 0.480377 -0.544113
0.521647 -0.461034 0.486611 -0.52777
0.491877 -0.479832 0.514592 -0.512848
0.559478 -0.554253 0.43949 -0.432014
0.502384 -0.465383 0.50615 -0.524253
0.585531 -0.535145 0.411513 -0.448809
0.532911 -0.476716 0.472916 -0.514877
0.54431 -0.468014 0.465772 -0.517441
0.506111 -0.557205 0.487736 -0.44214
0.504393 -0.502554 0.500509 -0.49246
0.544894 -0.575675 0.443494 -0.418332
-0.499132 0.498975 -0.500549 0.50134
0.504682 -0.465035 0.492229 -0.53549
0.504682 -0.465035 0.492229 -0.53549
0.504682 -0.465035 0.492229 -0.53549
0.544371 -0.575313 0.444137 -0.41883
0.552766 -0.578319 0.434581 -0.413686
0.552766 -0.578319 0.434581 -0.413686
0.552766 -0.578319 0.434581 -0.413686
0.552766 -0.578319 0.434581 -0.413686
0.513836 -0.451971 0.486214 -0.543407
0.539396 -0.578564 0.453327 -0.410866
0.539396 -0.578564 0.453327 -0.410866
0.478584 -0.51535 0.526266 -0.477928
0.589211 -0.553896 0.404112 -0.427461
0.52101 -0.4606 0.487129 -0.528301
0.55617 -0.565615 0.439661 -0.421252
0.504216 -0.557446 0.489476 -0.442079
0.499444 -0.49569 0.502566 -0.50227
0.527637 -0.467882 0.475675 -0.525756
0.528645 -0.439512 0.484995 -0.540503
-0.475766 0.613407 -0.507223 0.374303
0.519638 -0.467289 0.489385 -0.52165
0.565986 -0.565144 0.43327 -0.415389
0.516614 -0.495772 0.493856 -0.493383
0.486825 -0.512098 0.521283 -0.478561
0.525475 -0.468057 0.511372 -0.493251
0.528738 -0.454908 0.483077 -0.529273
0.544892 -0.474992 0.469028 -0.507433
-0.490001 0.441721 -0.514544 0.547746
0.501675 -0.509549 0.494089 -0.494527
0.531243 -0.476822 0.478778 -0.51107
0.575879 -0.554458 0.424951 -0.424684
0.503214 -0.502209 0.499272 -0.495266
0.51277 -0.463326 0.48977 -0.531527
-0.457739 0.589764 -0.524855 0.408877
0.515066 -0.469904 0.488632 -0.524534
0.516121 0.50768 0.483639 0.491909
-0.481813 0.470275 -0.517112 0.528482
-0.492098 0.483359 -0.507542 0.516338
0.503052 -0.514947 0.48706 -0.494511
-0.489994 0.491742 -0.503547 0.514331
0.537606 -0.565876 0.444656 -0.439369
0.514489 -0.46022 0.475929 -0.544969
0.560877 -0.537297 0.420042 -0.469355
0.519 0.728534 0.304683 -0.327178
-0.487886 0.481849 -0.497872 0.530954
0.505706 -0.494486 0.508953 -0.490624
0.501721 -0.591213 0.474391 -0.416769
0.515511 -0.522886 0.47224 -0.487676
0.521558 -0.470827 0.470578 -0.533719
0.50974 -0.461909 0.482231 -0.542457
-0.488077 0.592407 -0.491924 0.410907
0.529376 -0.477263 0.465663 -0.524537
-0.498729 0.498228 -0.497932 0.505075
0.59629 -0.541507 0.391041 -0.445304
0.566412 -0.504293 0.431593 -0.48846
0.554998 -0.549044 0.43895 -0.444806
-0.494354 0.495437 -0.503659 0.506442
0.583939 -0.535555 0.406274 -0.455124
0.539417 -0.499287 0.462471 -0.495844
0.587039 -0.515316 0.409499 -0.471322
0.589595 -0.538506 0.401871 -0.448206
0.589651 -0.520429 0.405454 -0.465911
-0.492799 0.539777 -0.502814 0.461484
0.450259 0.508305 0.55197 0.483965
0.508073 -0.524453 0.489271 -0.476891
0.610583 -0.534343 0.371076 -0.451629
-0.497548 0.500301 -0.498199 0.503928
0.609186 -0.540142 0.366754 -0.450144
0.595758 -0.551679 0.378392 -0.444458
0.620812 -0.544477 0.347535 -0.444249
-0.494702 0.497395 -0.493262 0.514355
0.5825 -0.539655 0.391995 -0.46455
0.603799 -0.544397 0.365546 -0.453248
0.507393 -0.478049 0.484696 -0.528291
0.502659 -0.486484 0.488871 -0.521221
-0.4883 0.544617 -0.497103 0.466737
-0.482671 0.490809 -0.508525 0.517241
0.527522 -0.413354 0.471907 -0.572855
0.574107 -0.51017 0.417721 -0.485425
0.577171 -0.546802 0.411577 -0.445518
0.537519 -0.41604 0.465969 -0.566441
0.549935 -0.482098 0.452966 -0.509878
0.57367 -0.520007 0.426774 -0.467289
0.539987 -0.412536 0.47424 -0.559753
0.550605 -0.402808 0.461398 -0.567179
0.49868 -0.489076 0.512976 -0.498978
0.509718 -0.49527 0.501032 -0.493824
0.507592 -0.490551 0.505796 -0.495863
0.583132 -0.471811 0.423544 -0.507899
0.58316 -0.472484 0.42208 -0.50846
-0.476915 0.536931 -0.476231 0.507406
0.579904 -0.486092 0.430302 -0.492205
0.510939 -0.501029 0.501076 -0.486656
0.515014 -0.488269 0.498908 -0.497438
0.547655 -0.39769 0.462103 -0.573043
0.584897 -0.495963 0.417608 -0.48736
0.582251 -0.497812 0.416399 -0.489672
0.507301 -0.494167 0.50244 -0.495983
0.651526 -0.412429 0.470744 -0.428739
0.580953 -0.503805 0.416644 -0.484852
0.540353 -0.390347 0.463527 -0.583773
0.517856 -0.48849 0.474829 -0.517436
0.545551 -0.394008 0.458642 -0.580326
0.553091 -0.378235 0.448891 -0.591207
0.539089 -0.36081 0.465618 -0.601996
0.603376 0.126984 0.658804 -0.431033
0.538398 -0.347285 0.466074 -0.610161
0.55125 -0.352401 0.451974 -0.606347
0.536531 -0.344896 0.467306 -0.612215
0.541122 -0.335683 0.465751 -0.614475
0.510645 -0.534334 0.430552 -0.518028
0.552343 -0.345986 0.454631 -0.60706
0.542457 -0.330152 0.464797 -0.617012
-0.494709 0.590046 -0.502429 0.393285
0.533557 -0.324398 0.470363 -0.623572
0.526567 -0.473654 0.492363 -0.505923
0.513402 -0.50619 0.501976 -0.477713
0.540635 -0.313105 0.460655 -0.630457
0.536795 -0.308605 0.463432 -0.633913
-0.373212 0.591827 -0.50005 0.510298
0.547697 -0.322085 0.452917 -0.625424
-0.497297 0.493354 -0.496391 0.512731
0.532813 -0.28952 0.461189 -0.64776
0.537061 -0.30271 0.461646 -0.637821
0.537194 -0.29663 0.456099 -0.64452
0.541722 -0.304522 0.453773 -0.638665
0.516985 -0.491755 0.494184 -0.496675
0.536246 -0.285432 0.455514 -0.65075
0.505566 -0.499436 0.503889 -0.490981
-0.495493 0.590912 -0.492571 0.40334
0.503901 -0.499582 0.50552 -0.490868
0.506276 -0.496099 0.503813 -0.493703
0.529649 -0.246226 0.453752 -0.673018
0.528736 -0.235817 0.454906 -0.676675
0.501752 -0.523424 0.456144 -0.51595
0.526956 -0.219665 0.454327 -0.68385
0.568122 -0.427282 0.464087 -0.52848
0.507352 -0.493385 0.5085 -0.490503
0.545443 -0.462791 0.446412 -0.537618
0.526281 -0.214522 0.453754 -0.686379
0.508087 -0.49202 0.504768 -0.494948
0.531658 -0.209417 0.448771 -0.687087
0.534874 -0.221791 0.446542 -0.682143
0.548308 -0.553034 0.445227 -0.44191
0.533716 -0.225631 0.448752 -0.680337
0.507408 -0.582728 0.485722 -0.408704
0.588393 -0.498288 0.402143 -0.493745
0.536876 -0.237234 0.443941 -0.677053
0.540992 -0.237827 0.441773 -0.674984
0.509434 -0.568124 0.485546 -0.426564
0.539551 -0.546635 0.454851 -0.450761
0.543732 -0.24487 0.440354 -0.67118
0.506075 -0.565016 0.489342 -0.430337
0.546294 -0.244571 0.436133 -0.671965
0.547336 -0.246569 0.436399 -0.670212
0.530803 -0.544894 0.464779 -0.453122
0.506462 -0.494712 0.506147 -0.492515
0.54913 -0.24775 0.435065 -0.669175
0.550409 -0.248816 0.433411 -0.668801
0.574009 -0.489108 0.423216 -0.502171
0.550924 -0.248414 0.431904 -0.669501
0.548533 -0.24582 0.437808 -0.668587
0.545904 -0.242208 0.438815 -0.671391
0.548431 -0.245504 0.440092 -0.667286
0.544975 -0.234491 0.441611 -0.67305
0.543715 -0.228329 0.442214 -0.675786
0.546326 -0.542205 0.450599 -0.45222
0.545137 -0.229353 0.440574 -0.675365
0.544005 -0.224751 0.442389 -0.676637
0.541409 -0.233607 0.446179 -0.673222
0.545457 -0.236172 0.441669 -0.672033
0.547443 -0.246908 0.44182 -0.666437
0.552274 -0.25264 0.436575 -0.663754
0.548157 -0.25068 0.439383 -0.666052
0.525624 -0.552593 0.471334 -0.44295
0.510164 -0.5658 0.484747 -0.429678
0.505987 -0.479991 0.508938 -0.504547
0.547575 -0.272557 0.441843 -0.656239
0.509617 -0.452929 0.446357 -0.579579
0.550166 -0.289254 0.439276 -0.648603
0.52888 -0.523967 0.469918 -0.474258
0.550595 -0.309569 0.439966 -0.638312
0.500495 -0.496189 0.505821 -0.497439
0.540878 -0.294492 0.450555 -0.646317
0.541095 -0.288633 0.45091 -0.648527
0.537144 -0.295884 0.456499 -0.644623
0.502305 -0.495271 0.506154 -0.49619
0.503751 -0.507653 0.479532 -0.5085
0.543293 -0.30917 0.448877 -0.638558
0.538704 -0.300685 0.455956 -0.641475
0.506441 -0.498112 0.504254 -0.49105
0.535505 -0.29134 0.458537 -0.646606
0.505959 -0.499388 0.503756 -0.490762
0.545237 -0.301151 0.449238 -0.640476
-0.483123 0.570349 -0.513234 0.421764
0.538702 -0.28565 0.453785 -0.649833
0.502461 -0.583993 0.488727 -0.409428
0.534811 -0.274606 0.455936 -0.656271
0.54186 -0.469434 0.530395 -0.452438
0.537663 -0.277148 0.453135 -0.654809
0.530571 -0.281487 0.461228 -0.653091
0.552455 -0.477525 0.506798 -0.458169
0.528762 -0.276038 0.460523 -0.657367
0.511984 -0.588366 0.47411 -0.408556
0.500189 -0.50007 0.500039 -0.499702
0.533844 -0.292719 0.458361 -0.647481
0.505181 -0.498637 0.50006 -0.496079
0.532089 -0.300249 0.460307 -0.644088
0.53772 -0.318265 0.456972 -0.633041
0.53757 -0.322384 0.456161 -0.631668
0.530185 -0.312542 0.461494 -0.63894
0.569529 -0.463145 0.490531 -0.469588
0.529152 -0.321719 0.462364 -0.634598
0.531261 -0.332447 0.463614 -0.626341
0.59898 -0.419652 0.236575 -0.639647
0.535873 -0.345071 0.461392 -0.617157
-0.498114 0.568428 -0.494917 0.428752
0.587298 -0.498027 0.408344 -0.49021
0.571522 -0.453723 0.442276 -0.52143
0.543524 -0.355574 0.462381 -0.603616
0.539613 -0.350854 0.46855 -0.605128
0.502742 -0.504896 0.502594 -0.489622
0.530851 -0.338932 0.479497 -0.611069
0.546288 -0.535396 0.45828 -0.452659
0.529232 -0.474775 0.463355 -0.528966
0.528424 -0.339768 0.482752 -0.610145
0.544856 -0.347912 0.464328 -0.605383
0.533952 -0.34563 0.477583 -0.606094
0.536107 -0.34535 0.474135 -0.607058
0.528162 -0.334779 0.47988 -0.615373
0.534969 -0.337161 0.472376 -0.613996
0.521526 -0.338446 0.489221 -0.61166
0.523453 -0.324823 0.480988 -0.623809
0.527783 -0.339477 0.481773 -0.611633
0.53471 -0.331097 0.470105 -0.619243
0.533114 -0.354353 0.47661 -0.60255
0.522689 -0.331835 0.484747 -0.617821
0.510032 -0.496129 0.505814 -0.487726
0.522157 -0.492063 0.498209 -0.486841
0.522799 -0.347613 0.483806 -0.609736
0.551731 -0.454742 0.439694 -0.543573
0.531377 -0.359868 0.473109 -0.603574
0.526572 -0.35822 0.477886 -0.605
0.561616 -0.550827 0.43708 -0.436048
0.528199 -0.565635 0.470979 -0.42337
0.555137 -0.42409 0.48869 -0.52264
0.504417 -0.578598 0.492626 -0.41001
0.534123 -0.374513 0.477624 -0.588496
0.541935 -0.378781 0.469753 -0.584948
0.544449 -0.558659 0.45793 -0.426351
-0.349883 0.711246 -0.288467 0.53712
0.507975 -0.497595 0.502443 -0.491846
0.548702 -0.469307 0.485524 -0.492893
0.531638 -0.370405 0.468947 -0.600208
0.579631 -0.451802 0.467918 -0.490873
0.522909 -0.343469 0.466987 -0.624915
0.530859 -0.345418 0.454956 -0.626011
0.649109 -0.415119 0.631188 -0.0890828
0.500935 -0.514368 0.480889 -0.503224
-0.49224 0.50603 -0.491592 0.509874
-0.49614 0.50895 -0.487907 0.506717
-0.49668 0.506314 -0.4915 0.505354
0.512362 -0.490628 0.496158 -0.500596
0.539038 -0.29876 0.449062 -0.646934
0.553042 -0.299114 0.441307 -0.640253
0.513327 -0.506577 0.32486 -0.611834
0.559748 -0.286898 0.441919 -0.639593
0.568456 -0.295758 0.440405 -0.628831
0.537233 -0.501764 0.419561 -0.532525
0.514415 -0.494913 0.511734 -0.478087
0.576932 -0.281789 0.442716 -0.625897
0.587132 -0.291842 0.434806 -0.61729
0.625462 -0.410406 0.374307 -0.547959
0.495123 -0.512739 0.516379 -0.474662
0.544099 -0.480811 0.436702 -0.531101
0.601474 -0.278438 0.429184 -0.613598
0.610942 -0.274278 0.419431 -0.612862
0.631076 -0.29525 0.399355 -0.595891
0.642181 -0.309572 0.391367 -0.581894
0.62453 -0.254604 0.403348 -0.618425
0.628465 -0.238474 0.398751 -0.623827
0.500525 -0.498842 0.498425 -0.502198
0.643978 -0.26225 0.383669 -0.607713
-0.496199 0.50237 -0.498883 0.502519
0.597559 -0.529676 0.434858 -0.416251
0.523171 -0.433887 0.541278 -0.495028
0.559892 -0.435957 0.434822 -0.55443
0.600308 -0.450695 0.464814 -0.469523
0.500103 -0.49539 0.514878 -0.489271
0.653081 -0.225473 0.373877 -0.61876
0.650919 -0.233529 0.382397 -0.612815
0.580606 -0.422049 0.423667 -0.552519
0.648749 -0.229679 0.382572 -0.61645
0.648749 -0.229679 0.382572 -0.61645
0.641577 -0.234181 0.394582 -0.61469
0.641577 -0.234181 0.394582 -0.61469
0.63446 -0.228627 0.401316 -0.619787
0.63446 -0.228627 0.401316 -0.619787
0.63446 -0.228627 0.401316 -0.619787
0.63446 -0.228627 0.401316 -0.619787
0.536191 -0.603316 0.489614 -0.329829
0.638295 -0.212888 0.3966 -0.624473
0.638295 -0.212888 0.3966 -0.624473
0.462498 -0.531872 0.590874 -0.392524
0.647147 -0.208874 0.383881 -0.624666
0.548636 -0.525889 0.511069 -0.401556
0.639305 -0.213668 0.392984 -0.625459
0.641849 -0.212265 0.389262 -0.625659
0.644667 -0.218124 0.384862 -0.623464
0.530389 -0.476126 0.495511 -0.496447
0.64559 -0.203493 0.373063 -0.634529
0.64383 -0.204242 0.37563 -0.634563
0.573689 -0.52515 0.469643 -0.417773
0.573689 -0.52515 0.469643 -0.417773
0.577501 -0.452218 0.482198 -0.479037
0.639895 -0.202735 0.375313 -0.639197
0.578069 -0.562274 0.447946 -0.386043
0.59372 -0.503164 0.447301 -0.440731
0.645345 -0.208938 0.369373 -0.635168
-0.463424 0.646791 -0.53374 0.286393
0.653673 -0.190412 0.352725 -0.641903
0.655785 -0.194945 0.352124 -0.638711
0.691513 -0.28675 0.325845 -0.577416
0.665051 -0.187671 0.337174 -0.639375
-0.449223 0.642467 -0.545904 0.295674
0.663685 -0.180428 0.333379 -0.644846
0.664862 -0.171739 0.326685 -0.649415
0.670002 -0.170465 0.319496 -0.648044
0.668214 -0.165345 0.318936 -0.651484
0.563894 -0.532323 0.465146 -0.42696
0.675134 -0.157414 0.304847 -0.653057
0.539988 -0.442982 0.514713 -0.497243
0.677388 -0.14383 0.287849 -0.661515
0.679006 -0.143849 0.282274 -0.662253
0.683302 -0.13911 0.274161 -0.662256
0.683264 -0.125936 0.269859 -0.666684
0.68126 -0.124093 0.270169 -0.668951
0.678524 -0.111482 0.262906 -0.676799
0.680478 -0.113137 0.262216 -0.674828
0.511551 -0.645654 0.471877 -0.31429
0.511551 -0.645654 0.471877 -0.31429
0.675897 -0.122509 0.264631 -0.676849
0.673553 -0.128488 0.27062 -0.675709
0.668265 -0.132545 0.279269 -0.676656
0.671046 -0.143635 0.279838 -0.671384
0.661414 -0.15567 0.299545 -0.669755
0.659258 -0.160669 0.303805 -0.66878
0.520445 -0.491443 0.518725 -0.467487
0.6538 -0.178499 0.321724 -0.661194
0.643899 -0.193724 0.338212 -0.658391
0.639251 -0.197466 0.349026 -0.65616
0.522627 -0.625987 0.466549 -0.342539
0.624511 -0.213863 0.371023 -0.653138
0.611 -0.220447 0.388904 -0.653327
0.529924 -0.459026 0.54382 -0.461231
0.503351 -0.491571 0.510659 -0.494189
0.568968 -0.237182 0.421755 -0.664938
0.508937 -0.507429 0.500832 -0.482356
0.550664 -0.258001 0.434907 -0.664124
0.539557 -0.261836 0.439841 -0.668476
0.523199 -0.265608 0.450539 -0.672852
0.516866 -0.281865 0.458189 -0.665931
0.523677 -0.633619 0.427981 -0.375661
0.508854 -0.489276 0.496581 -0.505058
0.50295 -0.319551 0.464517 -0.655098
0.55676 -0.479108 0.483892 -0.475734
-0.492015 0.336267 -0.478567 0.644841
-0.499153 0.357436 -0.469663 0.634431
-0.49439 0.373681 -0.476156 0.623872
-0.490106 0.372789 -0.476562 0.627465
-0.491338 0.388976 -0.479122 0.614594
-0.490474 0.393477 -0.480841 0.611067
0.560893 -0.584009 0.399189 -0.430094
-0.483625 0.494498 -0.495172 0.525722
0.548782 -0.571979 0.419051 -0.442804
-0.476365 0.486428 -0.506337 0.529232
0.567098 -0.580721 0.403378 -0.422432
-0.492632 0.501549 -0.494097 0.511498
-0.498277 0.603021 -0.476035 0.40184
0.542463 -0.582154 0.440944 -0.415209
0.52234 -0.586266 0.461429 -0.412961
-0.392327 0.660776 -0.437615 0.466849
0.53731 -0.58171 0.453937 -0.408476
0.502418 -0.593132 0.486613 -0.39872
0.545749 -0.573706 0.445849 -0.417418
-0.487607 0.415067 -0.511256 0.573216
0.552002 -0.555904 0.445395 -0.43346
0.501662 -0.500433 0.501448 -0.496439
0.507244 -0.498201 0.505472 -0.488874
-0.439284 0.480462 -0.443458 0.61606
0.503134 -0.520029 0.526674 -0.44614
0.518326 -0.530077 0.480351 -0.468636
0.521584 -0.499537 0.521457 -0.454418
0.545508 -0.539484 0.451049 -0.455996
0.507944 -0.466902 0.486576 -0.535947
0.543685 -0.521575 0.447654 -0.481635
-0.499311 0.500224 -0.499629 0.500836
-0.494406 0.504228 -0.491183 0.509956
-0.199213 -0.464414 0.436341 0.744473
0.537865 -0.565465 0.445826 -0.438395
-0.491371 0.507666 -0.494937 0.505833
-0.492609 0.505251 -0.493906 0.50805
0.510555 -0.57878 0.472964 -0.425033
-0.49905 0.537441 -0.476548 0.484776
-0.499613 0.485231 -0.476201 0.536815
0.51599 -0.508237 0.480528 -0.494512
-0.476644 0.473067 -0.510645 0.536897
-0.482011 0.538996 -0.478301 0.498374
-0.49465 0.51602 -0.494495 0.494489
0.555393 -0.567886 0.427284 -0.431824
0.55699 -0.571557 0.425651 -0.426504
0.548226 -0.579309 0.435131 -0.417744
0.573633 -0.575955 0.405126 -0.418442
0.571351 -0.573997 0.408096 -0.421358
0.539232 -0.578102 0.44155 -0.424336
0.522689 -0.586236 0.454476 -0.420209
0.545672 -0.571977 0.430983 -0.43513
-0.489874 0.50738 -0.491064 0.511318
-0.458729 0.606704 -0.509187 0.402749
-0.490867 0.511851 -0.491536 0.505422
0.546909 -0.576996 0.42903 -0.428835
-0.488282 0.508496 -0.490973 0.511819
-0.48587 0.496699 -0.494851 0.521865
-0.48587 0.496699 -0.494851 0.521865
-0.488282 0.508496 -0.490973 0.511819
-0.476611 0.57369 -0.478756 0.463157
-0.491378 0.458467 -0.487159 0.557702
0.521659 -0.526298 0.505153 -0.442383
0.501668 -0.512774 0.484736 -0.500422
0.516379 -0.50781 0.489831 -0.485333
0.501151 -0.498544 0.500819 -0.499482
0.504067 -0.501822 0.5039 -0.490079
0.524624 -0.489154 0.4947 -0.490683
0.525464 -0.494718 0.523606 -0.452745
0.554804 -0.550277 0.464965 -0.416168
0.524127 -0.550087 0.498208 -0.417713
0.585201 -0.545162 0.43243 -0.416344
0.530874 -0.477064 0.501147 -0.489321
0.572096 -0.540645 0.442469 -0.429686
0.513081 -0.49568 0.506668 -0.484083
0.507465 -0.397982 0.505532 -0.573173
0.394148 0.497772 0.594155 0.493812
-0.467394 0.523295 -0.512408 0.49512
0.742587 0.558345 0.0385921 0.367866
-0.499717 0.50046 -0.499434 0.500388
0.519122 -0.495191 0.471942 -0.512414
0.457847 0.0910756 0.459402 0.755666
0.56286 -0.403781 0.464636 -0.551601
0.517323 -0.493338 0.476384 -0.511911
0.506833 -0.473892 0.503585 -0.514732
0.63215 -0.399137 0.469889 -0.46934
0.674038 -0.42737 0.452225 -0.398146
0.680379 -0.326361 0.489635 -0.436841
0.581094 -0.487597 0.605758 -0.240076
0.739183 -0.261385 0.496549 -0.37246
0.759875 -0.22487 0.507767 -0.337929
0.693368 -0.207396 0.625507 -0.291496
0.807758 -0.147102 0.510549 -0.255396
0.667446 -0.225358 0.69813 -0.127846
0.659512 -0.223485 0.715763 -0.052737
0.861686 -0.0261908 0.488459 -0.134976
0.64973 -0.183238 0.735232 0.0608991
0.858029 0.0449045 0.508119 -0.0598661
0.852815 0.080839 0.515397 -0.0232006
0.646199 -0.0427479 0.750511 0.131654
0.85396 0.138349 0.499953 0.040728
0.830743 0.158636 0.527614 0.0795261
0.616835 0.0796271 0.75884 0.193225
0.589232 0.115724 0.771702 0.209499
0.221282 0.101467 0.964571 0.101693
0.567429 0.180337 0.767965 0.236077
0.047415 0.621111 -0.461102 0.631948
0.91524 -0.32738 -0.223227 0.0729886
0.689219 0.174251 0.671068 0.210429
-0.362045 0.68461 -0.508723 0.376077
0.692903 0.208983 0.63021 0.281153
0.376943 0.152125 0.876349 0.258426
-0.260503 0.657862 -0.293083 0.643007
0.570044 0.213915 0.754409 0.245271
0.567348 0.207265 0.762142 0.233016
0.555794 0.188197 0.774383 0.236655
0.581755 0.194818 0.758411 0.220046
0.776992 0.0347178 0.536115 0.328114
0.579495 0.178133 0.766278 0.212772
0.572496 0.17574 0.773143 0.208841
0.579042 0.173539 0.76871 0.208995
0.927163 0.298262 -0.219179 -0.058046
-0.250454 0.322162 -0.227963 0.884034
0.578491 0.166463 0.767651 0.219887
0.705325 0.149715 0.644267 0.254992
0.571489 0.177623 0.768281 0.227144
-0.298831 0.511731 -0.553039 0.585644
0.694201 0.136368 0.66931 0.226964
0.586521 0.189237 0.748188 0.245757
0.570587 0.186881 0.760064 0.248614
0.578561 0.195611 0.751678 0.248966
0.578477 0.189808 0.748386 0.263166
0.948397 -0.130471 0.241953 0.158047
-0.127911 0.10237 0.860752 0.481939
0.56878 0.209613 0.750968 0.261912
0.691848 0.209167 0.612642 0.31979
0.573719 0.399845 0.564017 0.439154
0.567951 0.195887 0.751466 0.272689
0.72694 0.145583 0.611553 0.276347
0.690148 0.203748 0.615085 0.322263
0.686788 0.205285 0.615381 0.327851
0.693568 0.187407 0.618952 0.317396
0.572515 0.197643 0.744825 0.279998
0.573686 0.191812 0.742595 0.287482
0.437665 0.170525 0.858668 0.205086
0.615778 -0.358706 0.391473 0.582148
0.329739 -0.307218 0.706378 0.54582
-0.0568331 0.636728 -0.511843 0.573902
0.448666 0.268581 0.821086 0.228868
0.530471 -0.0629663 0.690531 0.487651
0.587918 0.191294 0.711269 0.334448
0.661148 0.230654 0.613339 0.365373
0.580613 0.000395359 0.805461 -0.11883
0.653514 0.19211 0.634253 0.365699
0.594958 0.193466 0.692186 0.359825
0.57635 0.202622 0.710554 0.34911
0.653514 0.19211 0.634253 0.365699
0.571663 0.189745 0.719438 0.345842
0.579459 0.18715 0.716676 0.339966
0.674414 0.306065 -0.603199 0.296043
0.599265 0.152667 0.718123 0.319176
0.585603 0.144266 0.738917 0.30043
0.544175 -0.259404 0.765752 0.224068
0.588816 0.112573 0.750686 0.277656
0.58952 0.106044 0.757945 0.25834
-0.236914 -0.164851 0.953014 0.0919753
0.918934 0.0111314 0.369377 0.13783
0.828346 0.207964 0.511739 0.0933659
0.756447 -0.101501 0.645658 0.0247436
0.841312 0.182401 0.506024 0.0535149
0.491423 0.040599 0.860713 0.126608
0.736832 0.0283328 0.659906 0.144223
0.769071 -0.0791097 0.610807 0.170843
0.632257 -0.446122 0.609609 0.172057
0.863638 0.0994058 0.493853 -0.0188704
0.642099 -0.127396 0.744351 0.131989
0.644897 -0.140886 0.742098 0.116403
0.631308 -0.17022 0.749009 0.10706
0.645117 -0.178394 0.738491 0.0814303
0.669413 -0.137948 0.729835 0.0140444
0.858493 0.00401334 0.49588 -0.13068
0.66436 -0.186536 0.723637 -0.0134027
0.670542 -0.18716 0.715964 -0.0523433
0.841818 -0.0673942 0.504745 -0.178978
0.683283 -0.1935 0.693487 -0.12148
0.645093 -0.28929 0.644105 -0.292055
0.816628 -0.154166 0.51031 -0.221214
0.787301 -0.177247 0.538962 -0.241373
0.695616 -0.175742 0.633599 -0.289457
0.763108 -0.225746 0.538354 -0.277274
0.678092 -0.201915 0.618292 -0.342252
0.677767 -0.215099 0.60413 -0.359708
0.687463 -0.424575 0.552742 -0.203978
0.71122 -0.337196 0.529349 -0.31663
0.613794 -0.482249 0.588335 -0.211079
0.644736 -0.476898 0.543704 -0.247529
0.607253 -0.262042 0.58351 -0.471269
0.588165 -0.264116 0.585071 -0.491931
0.667913 -0.275155 0.462345 -0.514218
0.422774 -0.584982 0.640556 -0.262194
0.560126 -0.288611 0.551148 -0.54699
0.559266 -0.303738 0.530847 -0.559611
0.545035 -0.293261 0.517328 -0.591022
0.53003 -0.305753 0.507994 -0.606239
0.522046 -0.31861 0.492527 -0.619171
0.530638 -0.473101 0.470637 -0.52259
-0.498905 0.319413 -0.458218 0.66265
0.558955 -0.435724 0.382168 -0.593011
-0.483205 0.333293 -0.414139 0.695642
-0.473805 0.338532 -0.393049 0.71163
-0.458188 0.349862 -0.380321 0.723198
-0.434236 0.341653 -0.365469 0.749096
-0.425881 0.340887 -0.338393 0.766753
-0.415035 0.352565 -0.315413 0.777148
-0.443859 0.478104 -0.478028 0.588128
-0.443298 0.558302 -0.220243 0.665792
-0.450685 0.612893 -0.486786 0.429283
-0.178411 0.404164 -0.183982 0.87805
-0.34488 0.355889 -0.201164 0.844946
-0.336482 0.362176 -0.173046 0.851859
-0.183323 0.261378 -0.541391 0.777798
-0.304335 0.363382 -0.140747 0.869209
-0.289662 0.367038 -0.124982 0.875076
-0.195723 0.81119 -0.16287 0.526437
-0.260287 0.375075 -0.0876329 0.885376
-0.246847 0.370934 -0.0722446 0.892331
-0.226064 0.380759 -0.0621488 0.894458
-0.21326 0.386358 -0.048548 0.896042
-0.135284 0.822917 -0.0556461 0.549008
-0.0903939 0.664407 -0.0277828 0.741364
-0.158774 0.431563 -0.00794541 0.887965
-0.121221 0.813104 0.0228041 0.5689
-0.109684 0.470438 0.000879547 0.87559
-0.128415 0.624111 -0.00206898 0.770708
-0.105108 0.810041 0.0968584 0.568687
-0.104274 0.808565 0.119887 0.566548
-0.0493493 0.686768 0.0743832 0.721375
-0.09999 0.796359 0.160456 0.574515
-0.100061 0.785083 0.177178 0.585014
-0.0957795 0.78317 0.190446 0.584125
0.102461 0.648872 0.215501 0.722514
0.105699 0.646878 0.218164 0.723036
0.354008 0.917258 -0.0407597 -0.177919
-0.0925203 0.766944 0.241645 0.587235
0.0762881 0.667735 0.134894 0.728089
0.0288492 0.65068 0.109269 0.750895
0.0117038 0.646694 0.0714805 0.759302
0.022 0.62583 0.0576223 0.777517
0.00214588 0.643634 0.0792644 0.761215
-0.104095 0.758626 0.281236 0.578409
0.207319 0.549356 -0.0989508 0.80339
-0.102658 0.763141 0.275485 0.575487
-0.106338 0.762142 0.282339 0.572814
-0.225894 0.0920479 -0.134362 0.96044
-0.111676 0.759762 0.280586 0.575814
-0.108554 0.756898 0.271566 0.584443
-0.114262 0.752217 0.273324 0.588564
-0.120776 0.7586 0.273031 0.579132
-0.121528 0.751944 0.259962 0.59349
0.0547624 0.656332 0.190215 0.728044
0.0599742 0.675917 0.160641 0.716752
0.0304446 0.65218 0.129529 0.746295
-0.153432 0.740485 0.242798 0.607611
0.612384 -0.276731 0.63975 -0.372995
-0.0117882 0.669139 0.121706 0.733009
-0.184064 0.736678 0.227883 0.609504
-0.188297 0.744732 0.21883 0.601691
-0.198495 0.746726 0.210533 0.598895
-0.143825 0.675179 0.0372013 0.72254
-0.0815207 0.66539 0.0431817 0.740774
-0.0932113 0.668137 0.00382243 0.738166
-0.128278 0.663338 0.00663254 0.737213
-0.229007 0.757586 0.144728 0.593863
-0.246202 0.756358 0.133786 0.591108
-0.252067 0.753617 0.11785 0.595513
-0.184379 0.670452 -0.038369 0.717653
-0.267069 0.748282 0.0784353 0.60216
-0.275028 0.752665 0.0595267 0.595241
-0.27899 0.754351 0.0360805 0.593142
-0.193867 0.661313 -0.116567 0.715188
-0.255784 0.599118 -0.0940536 0.752852
-0.263365 0.590403 -0.113781 0.754399
-0.317847 0.765618 -0.0351803 0.55818
-0.32268 0.506257 -0.129303 0.789216
-0.332243 0.759052 -0.0912481 0.552384
-0.346461 0.773997 -0.108237 0.518823
-0.378699 0.466078 -0.184082 0.778121
-0.398746 0.456542 -0.200884 0.769556
-0.415413 0.435601 -0.222893 0.766813
0.507756 -0.500529 0.164483 -0.681615
-0.462972 0.428644 -0.255126 0.732688
-0.481839 0.411735 -0.275277 0.722862
-0.497882 0.416766 -0.297241 0.700048
0.518123 -0.402145 0.320483 -0.68346
0.531545 -0.420256 0.34543 -0.649248
-0.418617 0.632144 -0.448247 0.473528
-0.445404 0.540231 -0.495619 0.513933
0.557404 -0.493758 0.464993 -0.478837
0.59515 -0.409728 0.4372 -0.535514
0.55986 -0.617177 0.449212 -0.322271
0.673544 -0.494756 0.399818 -0.376431
0.685468 -0.478708 0.420962 -0.351799
0.70636 -0.46677 0.425669 -0.319355
0.746126 -0.444636 0.403915 -0.287136
0.372871 -0.647482 0.663362 -0.0410503
0.777228 -0.409214 0.416456 -0.234575
0.660385 -0.361945 0.591086 -0.288973
0.793032 -0.3753 0.439837 -0.191819
0.810571 -0.349405 0.436792 -0.173504
0.804941 -0.339346 0.460708 -0.157045
0.673499 -0.407694 0.606642 -0.110319
0.833062 -0.291941 0.452562 -0.126356
0.665365 -0.39271 0.63115 -0.0686898
0.731327 -0.342209 0.580058 -0.107641
0.644527 -0.331127 0.680812 -0.106932
0.686558 -0.295936 0.661362 -0.0604966
0.686665 -0.352172 0.635342 0.0283961
0.82672 -0.221178 0.51731 -0.00226654
-0.00871534 0.490012 0.18827 0.851098
0.82174 -0.181064 0.539097 0.0365169
0.665775 -0.213282 0.714356 0.0308124
0.814477 -0.140056 0.559269 0.0650435
0.812999 -0.128889 0.560345 0.0918309
0.715729 -0.204762 0.648476 0.159008
0.705775 -0.185462 0.661639 0.172394
0.776251 -0.0908446 0.606871 0.144531
0.711886 -0.153442 0.650723 0.21502
0.659158 -0.0756595 0.734557 0.142168
0.708719 -0.0854582 0.670552 0.201927
0.695504 -0.158712 0.636683 0.292779
0.731931 -0.036613 0.647019 0.210481
0.7277 -0.0383884 0.645392 0.229014
0.690286 -0.0236137 0.690691 0.214227
0.694364 -0.125639 0.656984 0.265415
0.630671 -0.271803 0.72255 0.0793617
0.720152 -0.0238872 0.645005 0.254516
0.659559 -0.0200217 0.695886 0.283412
-0.264071 0.668612 -0.005726 0.69512
0.631195 0.0145321 0.738286 0.237308
0.664921 -0.116547 0.612296 0.41157
0.609828 0.0243877 0.749946 0.25514
0.65986 -0.116623 0.595218 0.443508
0.948207 0.177208 0.219066 0.146665
0.670154 0.000858013 0.637299 0.38045
0.654504 -0.0813414 0.598436 0.454843
0.601907 0.0358514 0.731764 0.317717
0.604981 0.0579313 0.731626 0.308813
0.60465 0.0598492 0.713064 0.349793
0.573726 0.0461849 0.751273 0.322946
0.781178 -0.27519 0.304648 0.470342
0.578129 0.071237 0.749334 0.314945
0.631582 0.0262758 0.660272 0.405529
0.630393 0.0734004 0.68527 0.357243
0.590394 0.0980923 0.742283 0.301378
0.703723 0.196147 0.635764 0.249209
0.574201 0.0883625 0.760528 0.28997
0.349863 -0.489461 0.686743 -0.407931
0.200431 -0.506561 0.681328 0.488892
0.691243 0.352821 0.630278 0.0212282
0.573349 0.0750461 0.770642 0.267862
0.848506 0.254773 0.361965 0.290017
0.341035 -0.417524 0.680933 0.495681
-0.195736 0.520171 0.00426862 0.831319
0.66304 -0.131228 0.561037 0.477906
0.671046 -0.125808 0.570087 0.457024
0.673156 -0.0818368 0.592247 0.435209
0.661041 -0.0420801 0.67512 0.324756
0.570891 -0.0132126 0.791601 0.217432
0.586952 -0.0169443 0.783778 0.202216
0.591807 -0.0340254 0.782453 0.190722
0.594729 -0.0475304 0.783596 0.173252
0.699025 -0.0901379 0.655544 0.271111
