-0.468222 0.516726 -0.495092 0.518311
0.665514 -0.460726 0.286099 -0.512805
0.663097 -0.467038 0.284573 -0.511074
0.535427 -0.473811 0.47398 -0.513969
0.50513 -0.480768 0.508563 -0.505044
0.663956 -0.455852 0.281083 -0.521876
0.654145 -0.460546 0.297337 -0.521137
0.653769 -0.470624 0.296497 -0.513019
-0.477832 0.57763 -0.452448 0.483022
0.502048 -0.497321 0.501048 -0.49957
0.646017 -0.473892 0.298794 -0.51847
0.646694 -0.476196 0.297608 -0.516192
0.643775 -0.480829 0.296962 -0.515917
0.634739 -0.475576 0.313462 -0.522183
0.648095 -0.478506 0.291614 -0.515719
0.643873 -0.472673 0.294465 -0.524689
0.644931 -0.476811 0.292649 -0.520645
0.578278 -0.43536 0.395827 -0.565135
0.641665 -0.481211 0.300064 -0.516395
-0.495548 0.60838 -0.321965 0.529759
0.639792 -0.477491 0.29554 -0.524714
0.636802 -0.482148 0.298245 -0.522558
0.633581 -0.479859 0.299228 -0.52799
0.643076 -0.48497 0.285892 -0.519156
0.637099 -0.489822 0.292606 -0.518228
0.52956 -0.499574 0.417582 -0.543707
0.52956 -0.499574 0.417582 -0.543707
0.52956 -0.499574 0.417582 -0.543707
0.631774 -0.481637 0.297259 -0.529645
0.631774 -0.481637 0.297259 -0.529645
0.645881 -0.474916 0.275056 -0.530695
0.634708 -0.477362 0.298022 -0.52958
0.53836 -0.513562 0.396631 -0.537686
0.53836 -0.513562 0.396631 -0.537686
0.53836 -0.513562 0.396631 -0.537686
0.53836 -0.513562 0.396631 -0.537686
0.632507 -0.463975 0.302685 -0.541336
0.636333 -0.464328 0.297399 -0.539476
0.636333 -0.464328 0.297399 -0.539476
0.632794 -0.46631 0.305683 -0.537294
0.64055 -0.466433 0.287898 -0.537821
0.504287 -0.499632 0.479539 -0.515854
0.504287 -0.499632 0.479539 -0.515854
-0.497277 0.503041 -0.489878 0.509594
0.640022 -0.457985 0.293239 -0.542801
0.643155 -0.462134 0.288921 -0.537874
0.646292 -0.466082 0.284502 -0.533041
0.646292 -0.466082 0.284502 -0.533041
0.646292 -0.466082 0.284502 -0.533041
0.646292 -0.466082 0.284502 -0.533041
0.424221 -0.416968 0.571675 -0.56512
0.647189 -0.469796 0.282928 -0.52952
0.647189 -0.469796 0.282928 -0.52952
0.643283 -0.461581 0.293093 -0.535936
0.643283 -0.461581 0.293093 -0.535936
0.646411 -0.459848 0.285313 -0.537856
0.646411 -0.459848 0.285313 -0.537856
0.649543 -0.459956 0.280993 -0.536262
0.649543 -0.459956 0.280993 -0.536262
0.649543 -0.459956 0.280993 -0.536262
0.649543 -0.459956 0.280993 -0.536262
0.646411 -0.459848 0.285313 -0.537856
0.646411 -0.459848 0.285313 -0.537856
0.646411 -0.459848 0.285313 -0.537856
0.646411 -0.459848 0.285313 -0.537856
0.650085 -0.461938 0.276527 -0.536224
0.650085 -0.461938 0.276527 -0.536224
0.651323 -0.467804 0.274448 -0.530675
0.650085 -0.461938 0.276527 -0.536224
0.650085 -0.461938 0.276527 -0.536224
0.650085 -0.461938 0.276527 -0.536224
0.651032 -0.459579 0.279384 -0.53562
0.500383 -0.500472 0.49901 -0.500134
-0.494926 0.509312 -0.498047 0.497593
0.654759 -0.468512 0.273489 -0.5263
0.654562 -0.470078 0.277088 -0.523256
-0.488416 0.568715 -0.449549 0.485715
0.658422 -0.455704 0.273772 -0.532788
0.52655 -0.477003 0.496187 -0.499011
0.658163 -0.458301 0.281409 -0.526868
0.663405 -0.461328 0.270096 -0.523563
0.500132 -0.491466 0.508174 -0.500088
0.502638 -0.482001 0.510727 -0.50417
0.512708 -0.457098 0.506545 -0.521157
0.503018 -0.467945 0.515823 -0.511788
0.659629 -0.445067 0.288015 -0.532778
0.41831 -0.379093 0.597847 -0.569108
0.502142 -0.475103 0.520675 -0.501027
0.498439 -0.483091 0.517891 -0.499971
0.649295 -0.433897 0.297683 -0.549121
0.400244 -0.414019 0.614872 -0.538818
0.645536 -0.426681 0.302489 -0.556531
0.645999 -0.422488 0.297727 -0.561736
0.648263 -0.430248 0.291016 -0.556733
0.413222 -0.398969 0.604103 -0.552388
0.643891 -0.424945 0.296093 -0.563165
0.390065 -0.435086 0.62883 -0.512955
0.565172 -0.412259 0.429547 -0.571063
0.524721 -0.364028 0.526109 -0.561569
0.641338 -0.406667 0.298816 -0.577941
0.636978 -0.409038 0.30842 -0.576041
0.641384 -0.414458 0.295411 -0.574094
0.600656 -0.400471 0.355376 -0.593754
0.628017 -0.411249 0.312215 -0.582229
0.594317 -0.446977 0.362298 -0.561906
0.623761 -0.413008 0.306099 -0.58877
0.616972 -0.41883 0.312278 -0.588566
-0.486959 0.503321 -0.50452 0.504974
0.601749 -0.409229 0.331033 -0.600705
0.538224 -0.44537 0.446153 -0.559381
0.368187 -0.402086 0.625026 -0.558666
0.461833 -0.502738 0.527385 -0.505796
0.374976 -0.503393 0.62042 -0.470179
-0.45208 0.448359 -0.505943 0.58191
0.567993 -0.41327 0.351618 -0.618834
0.56627 -0.417731 0.354544 -0.615742
0.558139 -0.406079 0.363641 -0.625577
0.556418 -0.41083 0.366747 -0.622185
0.54804 -0.406519 0.381478 -0.623594
0.550222 -0.406974 0.374512 -0.625594
0.576284 -0.397082 0.436941 -0.565072
0.445927 -0.50461 0.550302 -0.493645
0.516304 -0.377364 0.418425 -0.64494
0.512971 -0.38304 0.434084 -0.633807
0.508514 -0.384526 0.440139 -0.632322
-0.476553 0.347869 -0.468974 0.657227
-0.47837 0.50155 -0.509667 0.509755
0.502901 -0.371501 0.435776 -0.647439
-0.38489 0.365787 -0.527197 0.663417
-0.433601 0.336053 -0.509698 0.662772
-0.459924 0.35769 -0.479973 0.655861
-0.461347 0.351873 -0.472291 0.66354
-0.452862 0.348097 -0.475813 0.66884
-0.432777 0.309723 -0.488965 0.691151
-0.454424 0.351742 -0.473213 0.667716
-0.432712 0.367325 -0.512294 0.644506
0.482431 -0.484906 0.520607 -0.510974
-0.455346 0.36517 -0.479889 0.654995
-0.416816 0.333576 -0.518476 0.667963
-0.438294 0.337531 -0.4925 0.671874
-0.437024 0.34322 -0.496394 0.666936
-0.439115 0.342322 -0.489999 0.670742
0.361467 -0.393305 0.614287 -0.580779
-0.440145 0.352467 -0.48556 0.668035
0.357946 -0.399875 0.616056 -0.576585
0.34917 -0.406275 0.629175 -0.563169
-0.435613 0.343112 -0.483016 0.677651
0.34679 -0.39231 0.623891 -0.580163
-0.361024 0.251057 -0.531783 0.723767
-0.357909 0.231242 -0.519804 0.740426
0.353995 -0.398201 0.61169 -0.584773
-0.352181 0.219414 -0.517894 0.748072
0.347679 -0.392693 0.617301 -0.586389
-0.342078 0.20418 -0.522061 0.754152
-0.35152 0.227681 -0.523476 0.742002
-0.340632 0.21345 -0.530198 0.746524
0.360133 -0.392326 0.610105 -0.586648
-0.340891 0.203094 -0.52705 0.751508
0.361036 -0.386139 0.609402 -0.590913
0.346314 -0.380278 0.626679 -0.58543
-0.335498 0.196998 -0.533172 0.751239
0.350113 -0.378291 0.625755 -0.585446
0.339536 -0.380112 0.637472 -0.577806
-0.351291 0.226776 -0.52602 0.740588
0.332531 -0.376579 0.64445 -0.576451
-0.397217 0.308893 -0.514239 0.694523
-0.390617 0.293478 -0.512249 0.706322
-0.385305 0.282831 -0.512699 0.713223
-0.403302 0.325672 -0.516635 0.68145
0.330554 -0.36223 0.64207 -0.589297
0.323227 -0.360379 0.649782 -0.586033
0.316675 -0.354238 0.653172 -0.589575
0.352132 -0.360614 0.617215 -0.604158
-0.320108 0.207681 -0.555577 0.738738
-0.433345 0.37803 -0.549359 0.606226
-0.418793 0.367196 -0.563883 0.609767
-0.317285 0.161177 -0.564796 0.744552
0.355163 -0.354203 0.642948 -0.578807
0.361909 -0.353388 0.629098 -0.590233
0.376037 -0.363742 0.609485 -0.595665
-0.341967 0.182216 -0.537949 0.748643
-0.329922 0.170348 -0.543782 0.752618
-0.338757 0.181074 -0.539883 0.748988
0.36651 -0.379615 0.62468 -0.57562
0.370873 -0.373678 0.616423 -0.585526
-0.339356 0.173205 -0.537496 0.752287
-0.377623 0.264351 -0.550187 0.696285
-0.341597 0.171509 -0.541497 0.748784
0.369185 -0.382792 0.632128 -0.563549
0.388714 -0.372949 0.606784 -0.584486
-0.37132 0.215541 -0.543794 0.721077
0.37375 -0.369052 0.626683 -0.575656
-0.370138 0.204906 -0.538703 0.728567
0.38268 -0.375096 0.62329 -0.569534
-0.430773 0.326446 -0.532229 0.651613
-0.436762 0.346462 -0.535657 0.634251
-0.387084 0.237331 -0.540659 0.708187
-0.44427 0.338479 -0.520029 0.64624
-0.449317 0.339697 -0.51063 0.649598
0.395835 -0.362065 0.597274 -0.596227
0.388183 -0.375983 0.610278 -0.579234
-0.425463 0.331693 -0.539316 0.646606
0.381589 -0.371429 0.614648 -0.581926
-0.338447 0.201721 -0.578697 0.714053
0.372352 -0.351088 0.614731 -0.600165
-0.386674 0.336695 -0.589794 0.623909
0.375459 -0.360616 0.616591 -0.590595
0.367483 -0.349064 0.617132 -0.601879
0.347832 -0.443407 0.66986 -0.483415
-0.431333 0.336535 -0.528072 0.649489
-0.383874 0.354817 -0.599394 0.606195
0.384571 -0.35958 0.603981 -0.598343
-0.470507 0.358512 -0.48133 0.646849
-0.490576 0.359263 -0.454567 0.650872
-0.396007 0.319461 -0.571294 0.644007
0.511753 -0.369844 0.424357 -0.649034
0.380332 -0.355448 0.604755 -0.602724
-0.420379 0.330512 -0.543172 0.647309
0.516175 -0.380041 0.426442 -0.638184
0.516566 -0.382092 0.425685 -0.637148
-0.428435 0.321779 -0.528628 0.658373
0.509942 -0.372115 0.430622 -0.645023
0.526616 -0.472884 0.474713 -0.523167
-0.482397 0.361132 -0.460677 0.651655
0.507386 -0.363106 0.43025 -0.652379
-0.467831 0.352816 -0.483117 0.650579
-0.44944 0.374577 -0.506392 0.633453
-0.485892 0.377119 -0.456077 0.643183
-0.467289 0.37722 -0.478362 0.640715
0.515312 -0.515165 0.439976 -0.524862
-0.486908 0.447631 -0.452248 0.598347
-0.477984 0.404026 -0.461734 0.628567
0.504903 -0.483051 0.506677 -0.504987
-0.432671 0.293822 -0.477667 0.705903
-0.431581 0.301967 -0.489865 0.694684
-0.442812 0.306989 -0.47327 0.696915
-0.480389 0.419744 -0.463187 0.615223
-0.484542 0.416537 -0.457125 0.61867
-0.432703 0.281832 -0.481118 0.708424
-0.48781 0.394389 -0.455053 0.632001
0.508443 -0.535324 0.461284 -0.492068
-0.473392 0.434582 -0.486445 0.591955
-0.453421 0.295319 -0.478533 0.691522
-0.499847 0.522795 -0.475056 0.501158
-0.494893 0.521156 -0.48623 0.497048
0.510722 -0.393772 0.448329 -0.618957
0.509441 -0.409478 0.458676 -0.602009
0.52258 -0.412309 0.442977 -0.600569
0.516567 -0.406725 0.455199 -0.600439
-0.494439 0.332175 -0.466796 0.653675
0.570116 -0.388861 0.436022 -0.577616
0.532457 -0.398446 0.442292 -0.601754
0.541249 -0.40173 0.429369 -0.601086
-0.485706 0.307448 -0.482329 0.661002
-0.492209 0.317274 -0.478868 0.654028
0.546903 -0.398345 0.424216 -0.60188
0.518078 -0.385746 0.463991 -0.606224
0.478968 -0.492421 0.515186 -0.512537
0.561888 -0.402957 0.39998 -0.601601
0.5399 -0.377044 0.426738 -0.619872
0.568655 -0.414178 0.388621 -0.595031
-0.468833 0.463127 -0.519007 0.544371
0.570444 -0.435109 0.388294 -0.578361
0.549381 -0.459522 0.430285 -0.549431
-0.481023 0.505617 -0.490485 0.521912
0.55603 -0.402188 0.399092 -0.608113
-0.489319 0.530367 -0.486843 0.492201
-0.446979 0.472803 -0.531945 0.541943
0.559454 -0.416806 0.388424 -0.602005
0.581927 -0.434074 0.359918 -0.586003
0.542641 -0.433237 0.43639 -0.572198
0.568234 -0.453073 0.381223 -0.571405
0.582953 -0.448058 0.361258 -0.573501
-0.459264 0.488785 -0.520962 0.527982
0.548075 -0.441442 0.421134 -0.572179
0.528007 -0.409666 0.448481 -0.593504
0.574546 -0.427932 0.392183 -0.57703
0.585509 -0.445044 0.383742 -0.558441
0.59444 -0.449062 0.373943 -0.552405
0.577786 -0.452387 0.402637 -0.547169
0.585032 -0.445209 0.397803 -0.54889
0.597085 -0.444261 0.391727 -0.540991
0.497591 -0.483853 0.512612 -0.505488
0.584286 -0.302207 0.466947 -0.590966
0.588017 -0.418555 0.41402 -0.554648
0.56894 -0.399678 0.442532 -0.56633
0.619485 -0.429942 0.377344 -0.537586
0.50954 -0.478466 0.514358 -0.496865
0.531088 -0.445923 0.494845 -0.523667
0.517846 -0.481552 0.508351 -0.491449
0.631895 -0.450719 0.368279 -0.511793
0.532398 -0.481219 0.494357 -0.490502
-0.111688 0.745026 0.617753 0.225484
0.647664 -0.443103 0.341697 -0.51714
0.658127 -0.437696 0.32753 -0.517702
0.514831 -0.500032 0.507784 -0.476522
0.512532 -0.477525 0.510559 -0.498608
0.528732 -0.481686 0.485452 -0.50275
0.496389 -0.403558 0.635092 -0.432894
0.525686 -0.480543 0.486717 -0.505805
0.671495 -0.450872 0.296879 -0.507614
0.505481 -0.499271 0.507084 -0.487938
0.515856 -0.491109 0.446276 -0.541796
0.668127 -0.443081 0.299069 -0.517536
0.498879 -0.482659 0.509247 -0.508752
0.548601 -0.435119 0.476078 -0.532031
0.527918 -0.491229 0.494142 -0.485613
0.682631 -0.468726 0.263069 -0.495082
0.697945 -0.467282 0.238651 -0.487408
0.687201 -0.470427 0.256187 -0.490735
0.598094 -0.529308 0.42883 -0.422163
0.480488 -0.493629 0.522953 -0.501977
0.584474 -0.533321 0.390674 -0.47046
0.711483 -0.483932 0.21466 -0.462085
0.524704 -0.485456 0.419933 -0.559173
0.465387 -0.469808 0.543949 -0.516541
0.466658 -0.481701 0.539078 -0.509498
0.72109 -0.49192 0.197596 -0.446095
0.727209 -0.489186 0.189653 -0.442601
0.729758 -0.492338 0.184678 -0.436978
0.732268 -0.495349 0.179704 -0.431415
0.736558 -0.497249 0.172241 -0.424921
0.739426 -0.495644 0.176299 -0.420126
0.743403 -0.500619 0.167932 -0.410525
0.742694 -0.508058 0.161613 -0.40517
0.447275 -0.412694 0.578602 -0.543
0.501095 -0.507494 0.518092 -0.472158
0.501095 -0.507494 0.518092 -0.472158
0.749362 -0.500352 0.159636 -0.403264
0.747758 -0.50056 0.161964 -0.40505
0.74432 -0.503462 0.165951 -0.40617
0.74721 -0.504306 0.160875 -0.401835
0.742674 -0.508476 0.165605 -0.403066
0.738685 -0.51043 0.171111 -0.405619
0.738008 -0.510139 0.172324 -0.406703
0.739613 -0.499874 0.174959 -0.415316
0.741508 -0.493748 0.174831 -0.4193
0.453258 -0.418554 0.574968 -0.537384
0.742138 -0.48609 0.177344 -0.426024
0.519837 -0.490922 0.50204 -0.48654
0.736939 -0.479635 0.191296 -0.436207
0.535686 -0.474327 0.485565 -0.502275
0.736035 -0.478824 0.192466 -0.438106
0.738005 -0.465866 0.194124 -0.447921
0.739867 -0.470424 0.193509 -0.440286
0.732365 -0.467652 0.205118 -0.45041
0.735677 -0.459245 0.20699 -0.452801
0.559151 -0.393786 0.488462 -0.54193
-0.495868 0.45475 -0.515599 0.530543
0.725033 -0.453703 0.215482 -0.47122
0.717568 -0.443527 0.231907 -0.484354
0.711035 -0.457463 0.22987 -0.481993
0.466089 -0.44001 0.561465 -0.523364
0.708534 -0.452084 0.226798 -0.4921
0.700491 -0.453327 0.237567 -0.497361
0.698957 -0.454323 0.231824 -0.501306
0.689966 -0.450951 0.243583 -0.511133
0.678774 -0.44555 0.25982 -0.522728
0.538656 -0.519541 0.443918 -0.492812
0.675647 -0.452372 0.251182 -0.525136
0.432724 -0.465412 0.567164 -0.523895
0.438287 -0.467431 0.559617 -0.525586
0.560015 -0.479849 0.41338 -0.534084
0.657933 -0.459637 0.267005 -0.533448
0.650913 -0.459302 0.271791 -0.539892
0.543925 -0.459971 0.443122 -0.544256
0.647521 -0.460868 0.269108 -0.543965
0.407776 -0.480598 0.573342 -0.523473
0.639704 -0.459569 0.268275 -0.554619
-0.434427 0.454066 -0.53858 0.561275
0.625964 -0.454369 0.285872 -0.565681
-0.425787 0.47283 -0.545328 0.545669
0.414955 -0.4718 0.554703 -0.545456
0.416819 -0.478874 0.559208 -0.53313
0.614314 -0.43393 0.29801 -0.587803
-0.469449 0.50973 -0.498094 0.521244
-0.331649 0.54962 -0.506535 0.575628
0.579507 -0.431535 0.347414 -0.597706
0.59518 -0.446197 0.330934 -0.580648
0.605097 -0.440299 0.310342 -0.586245
0.592569 -0.433439 0.330653 -0.59301
0.596975 -0.44524 0.32951 -0.580349
-0.451446 0.457686 -0.511428 0.57023
0.594484 -0.434402 0.33583 -0.587453
0.509837 -0.516 0.461476 -0.510735
-0.5 0.519351 -0.482513 0.497449
-0.490735 0.48985 -0.486136 0.531882
0.607953 -0.43055 0.319659 -0.585524
0.611491 -0.429126 0.314475 -0.585692
0.504723 -0.514495 0.478291 -0.501784
0.604207 -0.423485 0.31984 -0.594388
0.600187 -0.435688 0.329094 -0.584507
0.608023 -0.426306 0.31467 -0.591231
0.586333 -0.421126 0.346258 -0.599143
0.466963 -0.50952 0.518033 -0.503961
0.593702 -0.439468 0.340963 -0.581489
-0.456395 0.396009 -0.535175 0.590312
0.602444 -0.428158 0.325907 -0.589514
0.473363 -0.501618 0.514263 -0.509745
0.585533 -0.418032 0.350509 -0.59962
0.591775 -0.423596 0.34265 -0.594104
0.588763 -0.427173 0.346706 -0.59218
0.509392 -0.510162 0.476341 -0.503342
0.591715 -0.429714 0.342187 -0.590023
0.566434 -0.414693 0.377127 -0.604117
0.572809 -0.426168 0.374047 -0.591912
0.554003 -0.405047 0.394707 -0.610921
0.51646 -0.511368 0.454585 -0.514903
0.501611 -0.507144 0.494363 -0.496785
-0.485074 0.486185 -0.498565 0.528925
0.543166 -0.406925 0.408309 -0.610464
0.543166 -0.406925 0.408309 -0.610464
0.427941 -0.441846 0.562694 -0.552281
0.534278 -0.449303 0.444438 -0.561381
0.558087 -0.43125 0.395612 -0.588263
0.506303 -0.471179 0.469458 -0.548869
0.54497 -0.42146 0.41496 -0.594296
0.556884 -0.421388 0.396171 -0.596122
0.543715 -0.408141 0.411337 -0.607121
-0.425799 0.509746 -0.490799 0.563888
0.571262 -0.438356 0.383028 -0.578614
0.572198 -0.425023 0.380047 -0.589499
0.562287 -0.418719 0.392341 -0.595463
0.567134 -0.418548 0.3848 -0.595908
0.555965 -0.420694 0.405349 -0.591279
0.569669 -0.420163 0.381992 -0.594157
0.558379 -0.42939 0.401945 -0.585045
0.50348 -0.503642 0.484133 -0.508397
0.552447 -0.418189 0.407952 -0.594555
0.476445 -0.498621 0.514748 -0.509325
0.569939 -0.440111 0.387334 -0.575712
0.56749 -0.433772 0.389827 -0.581232
0.550476 -0.427203 0.409981 -0.588548
0.571415 -0.431207 0.375207 -0.588867
0.564289 -0.436685 0.388619 -0.582975
0.52739 -0.413336 0.434663 -0.601732
0.459572 -0.483006 0.546593 -0.50669
0.543346 -0.417436 0.411532 -0.600969
0.5461 -0.429656 0.405045 -0.594229
-0.11883 0.367158 0.425787 0.818401
0.514472 -0.49644 0.488178 -0.500548
0.516171 -0.494578 0.476954 -0.511346
-0.194737 0.499507 -0.531114 0.656116
0.537738 -0.440731 0.440866 -0.567654
-0.474506 0.52662 -0.51931 0.477318
0.441438 -0.42871 0.558751 -0.556002
0.441438 -0.42871 0.558751 -0.556002
0.507393 -0.427034 0.463781 -0.587454
0.532947 -0.436918 0.433894 -0.58035
0.433136 -0.455194 0.558515 -0.541528
0.532947 -0.436918 0.433894 -0.58035
0.535575 -0.424303 0.429861 -0.590208
-0.486552 0.441648 -0.500969 0.563245
-0.428352 0.311121 -0.538628 0.655438
0.556236 -0.432407 0.410242 -0.579075
-0.453059 0.42056 -0.546787 0.564704
0.51354 -0.401623 0.475073 -0.591
0.466381 -0.487767 0.535527 -0.507724
0.516382 -0.496951 0.491204 -0.495083
0.568783 -0.431145 0.400599 -0.574561
0.503965 -0.498667 0.49821 -0.499137
0.565964 -0.42209 0.402368 -0.582774
0.510075 -0.537984 0.498214 -0.449644
0.518846 -0.46572 0.470381 -0.540967
0.577098 -0.429418 0.395494 -0.571089
0.505842 -0.49988 0.498306 -0.495918
0.577949 -0.440422 0.394915 -0.562179
0.408308 -0.444482 0.600552 -0.52446
0.551342 -0.439532 0.432134 -0.562222
0.430419 -0.41611 0.57823 -0.554294
0.564293 -0.436854 0.41598 -0.563642
0.572112 -0.433325 0.400954 -0.569345
0.430333 -0.455578 0.578088 -0.522567
0.554502 -0.414727 0.420146 -0.586521
0.44102 -0.412031 0.563798 -0.563794
-0.462786 0.416253 -0.537048 0.569335
0.427141 -0.437675 0.577015 -0.541336
-0.46011 0.417318 -0.53854 0.569315
0.538216 -0.41525 0.439141 -0.587406
0.434507 -0.440552 0.567256 -0.54345
0.542105 -0.425811 0.433056 -0.580749
0.546054 -0.414113 0.42253 -0.59313
0.527993 -0.442151 0.454179 -0.565197
0.523812 -0.426534 0.453913 -0.581079
0.506198 -0.47726 0.490048 -0.525204
0.506198 -0.47726 0.490048 -0.525204
-0.481404 0.344837 -0.486573 0.642327
-0.481404 0.344837 -0.486573 0.642327
-0.442899 0.310718 -0.51716 0.663205
-0.481404 0.344837 -0.486573 0.642327
-0.43703 0.32348 -0.523925 0.655643
-0.440742 0.306635 -0.516839 0.666782
0.500573 -0.453473 0.486991 -0.553741
-0.450871 0.325698 -0.512721 0.654029
0.500182 -0.500597 0.498931 -0.500288
0.564774 -0.498798 0.481557 -0.447588
0.564774 -0.498798 0.481557 -0.447588
-0.443334 0.327383 -0.524391 0.649068
-0.446454 0.429378 -0.545863 0.564223
0.532835 -0.444624 0.447729 -0.563857
-0.463533 0.350893 -0.509127 0.634666
0.540846 -0.424681 0.435715 -0.580762
0.506691 -0.474426 0.480984 -0.535573
0.552283 -0.428325 0.417966 -0.580367
0.526266 -0.421368 0.458891 -0.578716
0.553825 -0.438189 0.427694 -0.564222
0.561319 -0.415158 0.410414 -0.586622
0.528384 -0.388627 0.455712 -0.601752
0.520374 -0.39673 0.460863 -0.599517
0.526515 -0.412961 0.458034 -0.585193
0.643684 -0.396888 0.415431 -0.505537
0.565601 -0.421158 0.411856 -0.577144
0.558689 -0.418744 0.420992 -0.579038
0.551272 -0.422414 0.42944 -0.577275
0.502792 -0.500701 0.502765 -0.493686
0.564015 -0.425666 0.408899 -0.577492
0.550152 -0.46305 0.542924 -0.433764
0.548139 -0.422608 0.432495 -0.577835
0.52954 -0.414501 0.454514 -0.584118
-0.498831 0.499803 -0.498681 0.502675
0.333851 -0.40758 0.655725 -0.540784
0.519829 -0.459092 0.467891 -0.547805
0.446313 -0.467522 0.555583 -0.523026
0.529154 -0.439094 0.451574 -0.568571
0.524657 -0.432018 0.456123 -0.574498
0.537093 -0.457537 0.442717 -0.553347
0.537005 -0.440848 0.435575 -0.572323
-0.49299 0.43742 -0.488495 0.571836
0.537399 -0.448595 0.430744 -0.569583
-0.469154 0.432821 -0.518042 0.569379
0.529975 -0.421236 0.441229 -0.589071
0.51058 -0.424963 0.463367 -0.58652
-0.436049 0.321083 -0.52196 0.659033
-0.45148 0.340993 -0.51315 0.64542
-0.433316 0.357162 -0.537395 0.62919
-0.48393 0.389274 -0.49244 0.609738
0.528485 -0.452274 0.453443 -0.557263
-0.479338 0.410994 -0.516563 0.578344
-0.487802 0.494958 -0.502428 0.514424
-0.443593 0.31981 -0.528197 0.649581
-0.457246 0.333587 -0.518271 0.641125
-0.499614 0.500142 -0.499736 0.500508
0.543336 -0.455433 0.441844 -0.549673
0.501723 -0.499753 0.497884 -0.500632
0.534774 -0.406766 0.44777 -0.589966
0.543267 -0.41866 0.44018 -0.579505
0.500546 -0.499714 0.49967 -0.500069
0.511298 -0.427755 0.47926 -0.570885
0.550416 -0.433127 0.421893 -0.575717
0.545363 -0.4126 0.425854 -0.592443
0.530662 -0.418407 0.450369 -0.583525
0.561056 -0.430617 0.408736 -0.576819
0.538604 -0.428616 0.434973 -0.580511
0.52453 -0.443438 0.449031 -0.571491
-0.466582 0.407073 -0.516116 0.591791
0.540116 -0.434947 0.430035 -0.57807
0.514182 -0.46141 0.46123 -0.556762
0.514182 -0.46141 0.46123 -0.556762
-0.469791 0.364607 -0.496904 0.632017
-0.459273 0.47698 -0.527143 0.532615
0.514436 -0.491392 0.462256 -0.529348
0.537755 -0.417246 0.422029 -0.598846
0.511579 -0.504313 0.469988 -0.512899
0.519989 -0.416427 0.447876 -0.596328
0.53264 -0.424553 0.440166 -0.585067
0.574162 0.571818 -0.574894 -0.113405
-0.467199 0.368534 -0.51566 0.616443
0.516129 -0.399213 0.465999 -0.597565
0.553734 -0.425875 0.419637 -0.579581
0.521257 -0.411778 0.465809 -0.584596
-0.472993 0.299903 -0.497525 0.662424
0.440339 -0.462764 0.57522 -0.510953
0.505422 -0.499667 0.496439 -0.498427
0.540156 -0.402548 0.448546 -0.587361
0.502012 -0.354628 0.491325 -0.617108
0.521017 -0.373785 0.469428 -0.607012
0.540915 -0.383361 0.447705 -0.600005
0.538679 -0.36974 0.448271 -0.610058
0.452432 -0.424628 0.564221 -0.544657
0.453899 -0.421991 0.562282 -0.547483
0.55013 -0.386069 0.43386 -0.60006
0.527991 -0.376802 0.459979 -0.606354
0.547068 -0.406633 0.433628 -0.58935
0.529556 -0.396019 0.455975 -0.595673
0.507896 -0.501631 0.503992 -0.48621
-0.481171 0.323178 -0.497977 0.645018
0.552526 -0.411376 0.42148 -0.589779
0.548804 -0.402966 0.421655 -0.598864
0.503465 -0.390787 0.481018 -0.602022
0.544366 -0.398292 0.425089 -0.603596
0.505217 -0.386741 0.472881 -0.609565
0.43289 -0.470926 0.570583 -0.515044
0.510412 -0.365729 0.458854 -0.62863
0.505045 -0.40798 0.483307 -0.587279
0.525701 -0.392734 0.449663 -0.605972
0.510821 -0.431829 0.479038 -0.568425
0.451021 -0.456652 0.555276 -0.528884
0.498308 -0.482985 0.511572 -0.506664
0.552504 -0.386657 0.427489 -0.602071
0.552504 -0.386657 0.427489 -0.602071
0.537851 -0.372631 0.448828 -0.608618
0.501544 -0.46098 0.513848 -0.521451
-0.459693 0.435277 -0.486326 0.602249
0.526475 -0.383459 0.472181 -0.593994
0.55132 -0.381376 0.439078 -0.598172
0.447339 -0.443849 0.579352 -0.516951
0.503384 -0.462417 0.516643 -0.515612
0.597137 -0.3938 0.377113 -0.588332
0.59786 -0.392682 0.376369 -0.588822
0.600935 -0.399599 0.373277 -0.582977
0.603196 -0.397705 0.365997 -0.586542
0.530005 -0.410884 0.538315 -0.510378
0.60633 -0.388966 0.357894 -0.594123
0.506422 -0.503748 0.485966 -0.503598
-0.475411 0.473443 -0.449682 0.589595
0.543358 -0.498745 0.477674 -0.477329
0.607641 -0.390719 0.345854 -0.598745
0.50575 -0.49842 0.500054 -0.495722
0.500048 -0.500139 0.500689 -0.499122
0.599437 -0.394128 0.351204 -0.60166
0.557824 -0.418947 0.436963 -0.567785
-0.485648 0.369137 -0.457143 0.647228
0.578522 -0.38739 0.376625 -0.611061
0.581908 -0.386244 0.367997 -0.613821
0.486762 -0.490858 0.526144 -0.495271
0.543438 -0.354005 0.420488 -0.634464
0.540688 -0.486331 0.422252 -0.541148
0.525168 -0.356889 0.454043 -0.625038
0.544595 -0.358914 0.429439 -0.624643
0.552631 -0.37215 0.423776 -0.61361
0.543276 -0.347823 0.435345 -0.627969
0.547697 -0.366471 0.435881 -0.612972
0.501472 -0.493345 0.515412 -0.489375
0.5457 -0.357152 0.438987 -0.618016
0.50587 -0.415709 0.508145 -0.559526
0.567224 -0.354632 0.411809 -0.618794
0.554839 -0.33015 0.421785 -0.636594
0.547197 -0.303269 0.639487 -0.446834
0.560536 -0.343799 0.414029 -0.62943
0.547513 -0.333644 0.430797 -0.635079
-0.486139 0.508088 -0.504585 0.500908
0.559204 -0.336255 0.402004 -0.642352
0.552808 -0.345407 0.412756 -0.636183
0.528241 -0.334653 0.444487 -0.641405
0.524546 -0.318671 0.44441 -0.652534
-0.47956 0.497068 -0.494284 0.527853
0.517343 -0.201817 0.436112 -0.708119
0.511252 -0.330568 0.461957 -0.644936
0.514391 -0.330292 0.454204 -0.64808
0.516593 -0.342517 0.452836 -0.640901
0.522134 -0.32237 0.440985 -0.65497
-0.485266 0.473384 -0.496545 0.542096
0.519113 -0.329903 0.443112 -0.652179
0.571992 -0.353192 0.368004 -0.642381
0.522149 -0.313492 0.43846 -0.660936
0.52898 -0.325112 0.433384 -0.653193
0.539601 -0.341572 0.422931 -0.642875
0.555018 -0.348245 0.403008 -0.638956
0.54197 -0.328127 0.422332 -0.648257
0.545497 -0.326891 0.419841 -0.64754
-0.432539 0.319594 -0.50861 0.672373
0.55005 -0.326745 0.41846 -0.64465
0.541978 -0.318547 0.435719 -0.644156
0.535217 -0.328207 0.451483 -0.634023
0.462461 -0.421441 0.565947 -0.536863
0.555993 -0.324314 0.421869 -0.638529
0.543743 -0.310063 0.440098 -0.643831
0.535076 -0.2999 0.452877 -0.647036
0.5268 -0.283115 0.46046 -0.655976
0.532451 -0.286761 0.453155 -0.654916
0.526947 -0.276319 0.455056 -0.662495
0.527974 -0.277737 0.453812 -0.661937
0.522706 -0.281771 0.45893 -0.660884
0.527003 -0.279724 0.449309 -0.664939
0.452995 -0.413146 0.572855 -0.544006
0.524006 -0.276143 0.452585 -0.66658
0.515573 -0.272373 0.463777 -0.667014
0.52836 -0.271244 0.445248 -0.670087
0.527424 -0.277134 0.447255 -0.667071
0.528368 -0.284878 0.447728 -0.66273
0.534805 -0.289484 0.43711 -0.662659
0.535843 -0.28219 0.434048 -0.666966
0.531816 -0.284572 0.439454 -0.665635
-0.492995 0.495685 -0.496613 0.51442
0.538638 -0.304971 0.432229 -0.655774
0.542014 -0.300433 0.425545 -0.659448
0.537619 -0.300429 0.430765 -0.659659
0.53461 -0.295931 0.435888 -0.660771
0.541272 -0.307608 0.429031 -0.654473
0.458226 -0.426412 0.562811 -0.539857
0.547112 -0.313878 0.421273 -0.651673
0.54389 -0.309708 0.426834 -0.652746
0.4646 -0.415554 0.556845 -0.548986
-0.459977 0.379451 -0.557018 0.578073
0.550568 -0.311142 0.523738 -0.570757
0.546963 -0.321136 0.427399 -0.644231
0.543436 -0.325567 0.433178 -0.641124
0.543834 -0.318518 0.431449 -0.645479
0.534999 -0.313389 0.446446 -0.645174
0.534376 -0.310362 0.443042 -0.649486
0.535456 -0.29787 0.438499 -0.65748
0.545995 -0.317807 0.425507 -0.647944
0.539601 -0.308551 0.434826 -0.651578
0.527415 -0.306406 0.451959 -0.650908
0.459017 -0.415922 0.562902 -0.547223
0.533591 -0.309456 0.444949 -0.64926
0.526671 -0.298527 0.45295 -0.654473
0.528783 -0.301625 0.449697 -0.653593
0.519185 -0.304934 0.469222 -0.645983
0.520475 -0.294758 0.464855 -0.652789
0.522835 -0.289067 0.458563 -0.657879
0.515019 -0.309713 0.476929 -0.641383
0.517273 -0.287501 0.466902 -0.657096
0.515097 -0.290135 0.468358 -0.656611
0.514511 -0.289242 0.46731 -0.658209
0.51357 -0.297654 0.47037 -0.652993
0.525013 -0.292797 0.448146 -0.661662
0.509843 -0.316371 0.473255 -0.64498
0.506906 -0.29902 0.473171 -0.655547
0.50772 -0.307006 0.472047 -0.652028
0.509508 -0.310496 0.46868 -0.651408
0.520683 -0.307249 0.447877 -0.658706
0.516034 -0.304687 0.451245 -0.661251
0.515354 -0.307821 0.453278 -0.658935
0.511074 -0.329663 0.458867 -0.64774
0.50379 -0.329325 0.468992 -0.646364
0.510114 -0.337517 0.456835 -0.645885
0.50666 -0.331549 0.459944 -0.649479
-0.499484 0.332981 -0.468523 0.648171
-0.499581 0.35829 -0.470297 0.633141
-0.490992 0.3552 -0.478402 0.635524
-0.461612 0.404097 -0.525475 0.589488
-0.473183 0.399686 -0.508448 0.598189
-0.465968 0.410434 -0.519654 0.586837
-0.484822 0.384874 -0.490721 0.613199
-0.486803 0.386048 -0.488782 0.612439
-0.476513 0.403716 -0.508467 0.592798
-0.477417 0.410613 -0.508719 0.58709
-0.476776 0.411199 -0.511014 0.585205
-0.484924 0.495237 -0.495287 0.523717
-0.480456 0.414993 -0.505442 0.584355
-0.473183 0.418347 -0.51675 0.577973
-0.48983 0.495251 -0.493287 0.521019
-0.482689 0.412048 -0.503184 0.586544
-0.468292 0.419342 -0.523564 0.575097
-0.468297 0.418312 -0.525748 0.573849
-0.465324 0.420722 -0.528045 0.572394
-0.46241 0.418851 -0.53414 0.570469
-0.462927 0.416081 -0.529115 0.576725
-0.453955 0.421093 -0.538474 0.571534
-0.462388 0.425277 -0.529012 0.570511
-0.455299 0.429078 -0.536037 0.566797
0.333383 -0.302245 0.632263 -0.630672
-0.437609 0.431814 -0.549507 0.565754
-0.451588 0.421394 -0.529879 0.58114
-0.441126 0.431535 -0.543704 0.568833
0.424409 -0.435452 0.561748 -0.56098
-0.430706 0.42453 -0.551138 0.574903
-0.441663 0.422024 -0.537395 0.581409
-0.428486 0.427977 -0.553313 0.571909
-0.429105 0.428913 -0.551709 0.572294
-0.433523 0.427831 -0.550733 0.570712
-0.431025 0.422834 -0.556049 0.571173
0.424913 -0.439291 0.568137 -0.551083
-0.437557 0.427835 -0.554958 0.563492
0.430638 -0.43079 0.567215 -0.55429
-0.453066 0.415407 -0.542063 0.573006
-0.455391 0.420967 -0.542964 0.566211
-0.459181 0.421039 -0.541643 0.564359
0.452161 -0.432697 0.554419 -0.548584
0.441205 -0.450017 0.569134 -0.528119
-0.484734 0.421482 -0.517862 0.564982
0.504317 -0.424063 0.493607 -0.567615
-0.493368 0.42441 -0.51246 0.560222
-0.488714 0.439519 -0.521143 0.544419
0.517662 -0.427639 0.482377 -0.562551
-0.49858 0.435326 -0.511741 0.54775
-0.499542 0.444151 -0.509028 0.542289
0.533986 -0.43985 0.49209 -0.52843
0.536644 -0.44487 0.460007 -0.549998
0.555011 -0.351268 0.528139 -0.538185
0.506885 -0.422154 0.508974 -0.552991
0.542833 -0.365843 0.540054 -0.528991
0.513557 -0.46262 0.485106 -0.535643
-0.493617 0.471799 -0.508914 0.52417
0.859981 0.25359 0.174343 0.407099
-0.440191 0.206296 -0.507207 0.711628
0.52445 -0.487796 0.463508 -0.521697
0.516195 -0.494624 0.470476 -0.517244
-0.449265 0.211133 -0.492622 0.714778
-0.490068 0.50103 -0.49912 0.50959
0.519254 -0.503174 0.45999 -0.515365
-0.458658 0.22169 -0.486695 0.709658
-0.46083 0.226087 -0.486963 0.706673
0.513167 -0.503742 0.468962 -0.512815
0.535912 -0.503397 0.442628 -0.513294
0.536146 -0.510579 0.443405 -0.505221
-0.496811 0.494857 -0.500036 0.508193
-0.493253 0.533803 -0.499051 0.471916
0.571719 -0.495699 0.406537 -0.512004
0.556362 -0.505275 0.430901 -0.499483
0.500248 -0.502636 0.50342 -0.493636
0.567548 -0.50296 0.422139 -0.496708
0.528 -0.415629 0.543145 -0.50345
0.505824 -0.485041 0.503011 -0.505823
0.580268 -0.496936 0.419766 -0.490041
0.52987 -0.461333 0.485111 -0.52065
0.56783 -0.494992 0.449412 -0.480189
0.582168 -0.489352 0.437924 -0.479414
0.570035 -0.495574 0.458719 -0.468021
0.590553 -0.476205 0.443548 -0.477223
0.573636 -0.49157 0.463238 -0.463369
0.57362 -0.48611 0.464969 -0.467398
0.710852 -0.475745 0.26991 -0.44216
0.517902 -0.48059 0.53138 -0.467383
0.724022 -0.476926 0.252553 -0.429594
0.550975 -0.526999 0.483438 -0.430099
0.733415 -0.476346 0.240932 -0.420891
0.744629 -0.477012 0.223747 -0.409785
0.741819 -0.480241 0.235133 -0.404704
0.756124 -0.478301 0.212881 -0.392666
0.766071 -0.473978 0.198094 -0.386314
0.553447 -0.549691 0.48213 -0.398857
0.768245 -0.482408 0.191805 -0.374557
0.77387 -0.487822 0.180332 -0.361435
0.776276 -0.479166 0.185157 -0.365394
0.782468 -0.481426 0.171246 -0.355876
0.786277 -0.479158 0.168914 -0.35163
0.791113 -0.479766 0.157148 -0.345355
0.79382 -0.480902 0.151222 -0.340169
0.796414 -0.482245 0.147019 -0.33399
0.799298 -0.486739 0.13604 -0.325117
0.562011 -0.573602 0.461992 -0.376416
0.805931 -0.486908 0.12091 -0.314288
0.571695 -0.568417 0.453666 -0.379809
0.80957 -0.490635 0.110796 -0.302653
0.568523 -0.573034 0.453821 -0.377439
0.817421 -0.49206 0.091419 -0.285205
0.822152 -0.493421 0.0805981 -0.272224
0.574638 -0.553388 0.462601 -0.386721
0.587034 -0.502871 0.477087 -0.41821
0.602314 -0.576745 0.402056 -0.378066
0.787649 -0.505771 0.138307 -0.323536
0.587825 -0.595671 0.409934 -0.362756
0.581493 -0.60484 0.413315 -0.353842
0.581895 -0.601057 0.416265 -0.356163
0.747553 -0.501628 0.230048 -0.369611
0.65416 -0.497628 0.378562 -0.425597
0.668807 -0.496331 0.359691 -0.420684
0.664056 -0.486646 0.36745 -0.432649
0.665362 -0.487644 0.363177 -0.433126
0.666794 -0.482189 0.3614 -0.438484
0.66043 -0.489265 0.365666 -0.436739
0.642397 -0.503081 0.382309 -0.433676
0.641737 -0.495487 0.383781 -0.442016
0.645568 -0.476939 0.384093 -0.456338
0.63551 -0.494227 0.386749 -0.449769
0.675685 -0.468072 0.348046 -0.450802
0.524457 -0.470949 0.518172 -0.484406
0.627887 -0.479717 0.393512 -0.469871
0.63495 -0.485192 0.380812 -0.465199
0.624434 -0.480926 0.394232 -0.472624
0.632741 -0.485844 0.379965 -0.468209
0.629588 -0.483941 0.385036 -0.470284
0.641082 -0.485051 0.366347 -0.468539
0.643701 -0.494618 0.360911 -0.45907
0.655508 -0.484434 0.347452 -0.463584
0.643685 -0.497081 0.36626 -0.452143
0.64411 -0.490461 0.369471 -0.456137
0.636449 -0.498881 0.382762 -0.446704
0.580068 -0.53341 0.450299 -0.419792
0.550762 -0.563306 0.475821 -0.391078
0.55135 -0.562581 0.475966 -0.391117
0.54649 -0.558706 0.482311 -0.395692
0.542141 -0.563148 0.482667 -0.394943
0.539884 -0.558001 0.481064 -0.407108
0.540342 -0.470024 0.501741 -0.485143
0.523771 -0.486602 0.505328 -0.483245
0.525937 -0.535765 0.416329 -0.512851
0.542743 -0.453263 0.470256 -0.528055
0.502375 -0.553261 0.48256 -0.456791
0.575443 -0.489747 0.391908 -0.524807
-0.490453 0.542313 -0.484656 0.480063
0.561844 -0.437412 0.417503 -0.564528
0.494794 -0.494089 0.50888 -0.502092
0.4893 -0.488061 0.517841 -0.504205
0.520484 -0.335438 0.435234 -0.653567
0.561055 -0.477846 0.388746 -0.552952
0.520784 -0.335554 0.435282 -0.653236
0.516577 -0.518493 0.472008 -0.491449
0.55466 -0.477732 0.40317 -0.549161
0.50391 -0.287056 0.450594 -0.678703
0.51745 -0.504409 0.490658 -0.486901
0.548356 -0.471799 0.417136 -0.55019
-0.496498 0.495898 -0.501738 0.5058
0.536014 -0.477763 0.431743 -0.545921
0.549541 -0.475262 0.412526 -0.549503
-0.485975 0.251397 -0.459098 0.699898
-0.47815 0.24809 -0.463829 0.70334
0.530243 -0.485037 0.431716 -0.545163
-0.475314 0.241574 -0.458834 0.710767
0.537488 -0.480277 0.416585 -0.553983
0.507523 -0.502288 0.453575 -0.533289
-0.469322 0.247709 -0.457213 0.713676
-0.475141 0.25826 -0.448939 0.711335
-0.467582 0.255178 -0.455684 0.713164
-0.471171 0.257313 -0.451355 0.712788
-0.418029 0.492286 -0.453511 0.614193
-0.478793 0.281943 -0.448889 0.699832
-0.468059 0.248366 -0.45527 0.715517
0.502001 -0.448049 0.456315 -0.582257
0.537023 -0.447935 0.412841 -0.583544
0.526496 -0.401412 0.427661 -0.615449
0.543362 -0.438749 0.412221 -0.585091
0.548955 -0.426454 0.413932 -0.587746
-0.495326 0.49923 -0.497853 0.507508
0.549355 -0.401382 0.436617 -0.588614
0.539071 -0.384399 0.460923 -0.590923
0.532514 -0.374016 0.478736 -0.589366
0.585689 -0.38832 0.412409 -0.579737
0.532517 -0.37339 0.488983 -0.581292
0.516315 -0.387801 0.508265 -0.569821
0.44748 -0.472631 0.5827 -0.486664
0.564644 -0.438474 0.59625 -0.365245
0.502449 -0.388814 0.477254 -0.607122
0.418595 -0.537846 0.559509 -0.471645
-0.468427 0.436096 -0.471563 0.60665
-0.456895 0.445183 -0.451027 0.624207
-0.437701 0.458407 -0.439947 0.636181
-0.421612 0.477129 -0.418867 0.647411
0.508609 -0.574335 0.284536 -0.574887
-0.47136 0.438579 -0.260018 0.719624
-0.353949 0.532844 -0.379037 0.668676
-0.351767 0.563711 -0.336297 0.667379
-0.287136 0.571598 -0.375207 0.670857
-0.29051 0.578819 -0.323444 0.689896
-0.301231 0.595587 -0.262154 0.697002
-0.268894 0.609131 -0.261592 0.698731
-0.174661 0.611102 -0.345087 0.690625
-0.203692 0.319287 -0.197339 0.904225
-0.135078 0.629021 -0.313787 0.698301
-0.129266 0.635966 -0.282047 0.706602
-0.154974 0.318366 -0.139444 0.92476
-0.138347 0.323265 -0.121553 0.928216
-0.124241 0.326277 -0.102371 0.931466
-0.106219 0.346919 -0.0965542 0.926845
-0.0901591 0.343346 -0.0774675 0.931656
-0.0127546 0.653885 -0.215408 0.725169
-0.0605571 0.363221 -0.050015 0.928387
0.661513 0.0384253 0.709387 0.240196
6.90196e-05 0.68175 -0.121024 0.721505
0.0229159 0.67012 -0.114171 0.733061
0.031272 0.682561 -0.0862322 0.72505
0.115728 0.453897 -0.124275 0.874723
0.0766498 0.641165 -0.0620973 0.761036
0.257374 0.337526 -0.520084 0.74118
0.0900646 0.680344 -0.0161504 0.727158
0.164018 0.598273 -0.0636562 0.781739
0.122257 0.67399 0.0191238 0.728303
-0.0207106 0.148241 0.203634 0.967538
0.332033 0.517616 -0.180897 0.767531
0.289514 0.502176 -0.144683 0.801915
0.174552 0.664235 0.104596 0.719294
0.189529 0.655079 0.123474 0.720905
0.319991 0.534364 -0.00199307 0.78234
0.215051 0.649673 0.162227 0.710887
0.464138 0.451514 -0.144413 0.748235
0.2408 0.632535 0.203068 0.707586
0.7068 -0.224722 0.623001 -0.248604
0.262263 0.61779 0.241114 0.701012
0.374419 0.573324 0.127114 0.717601
0.276335 0.62079 0.265104 0.68409
0.470463 0.509168 0.0230115 0.720335
0.284769 0.613257 0.292258 0.676319
0.287834 0.616934 0.295723 0.670143
0.447652 0.540759 0.04835 0.710528
0.266086 0.322922 0.199103 0.886159
0.279237 0.61967 0.318519 0.660743
0.270949 0.617053 0.327979 0.662014
0.593151 0.376172 -0.110374 0.703196
0.262731 0.627531 0.330806 0.654022
0.254746 0.629355 0.334485 0.653557
0.250592 0.634252 0.335055 0.650128
-0.465474 0.132377 -0.604778 0.632498
0.234206 0.627826 0.344068 0.657723
0.224519 0.625122 0.344626 0.66336
0.698673 -0.257718 0.599272 -0.293786
0.20477 0.62525 0.336065 0.673938
0.194231 0.621213 0.329965 0.683734
0.185537 0.620982 0.315425 0.693156
0.173688 0.618889 0.303608 0.7033
0.532406 0.412275 -0.2148 0.707414
0.150513 0.614329 0.278907 0.722604
0.1445 0.620241 0.256051 0.727227
0.133753 0.619761 0.23764 0.73589
0.279986 0.428881 0.326393 0.794441
0.108789 0.622626 0.192004 0.750757
0.227896 0.571357 -0.0116043 0.78834
0.0819003 0.612861 0.143731 0.772681
0.0679684 0.622295 0.114424 0.771386
0.141682 0.623597 -0.0592406 0.766514
0.0351022 0.623126 0.0594891 0.779066
0.107952 0.598591 -0.10609 0.786626
0.00155176 0.610752 0.0131706 0.791711
-0.0154562 0.617883 -0.00645349 0.786092
-0.030584 0.61208 -0.0181548 0.789996
-0.0422552 0.620425 -0.0309239 0.782516
-0.0463629 0.615391 -0.0450813 0.785565
-0.0499478 0.608358 -0.0513342 0.790424
-0.0528498 0.613287 -0.0582445 0.785935
-0.0565865 0.617011 -0.0527169 0.783145
-0.0536337 0.620821 -0.0540653 0.780244
-0.0393266 0.588107 -0.0544238 0.805991
-0.0457256 0.618479 -0.0395544 0.783472
-0.0329289 0.625838 -0.0398706 0.778237
-0.018529 0.625966 -0.0348083 0.778853
-0.00760886 0.743466 -0.541349 0.392609
0.0140285 0.588085 -0.0132493 0.808569
0.0204419 0.641435 -0.00076551 0.766904
0.0358038 0.639186 0.0152711 0.768066
0.0506923 0.642504 0.0313832 0.763959
0.0708431 0.648341 0.0441206 0.756762
0.0886784 0.651072 0.0608559 0.751357
0.111763 0.649721 0.0776506 0.747892
0.367171 0.530318 -0.206069 0.735856
0.14836 0.634679 0.119442 0.748936
0.170126 0.640832 0.12956 0.737296
0.188759 0.642017 0.146418 0.728523
0.204187 0.639823 0.160546 0.723298
0.216535 0.648936 0.176992 0.70758
0.233976 0.646525 0.187872 0.701402
0.205982 0.196451 0.264573 0.921401
0.713853 -0.13141 0.543812 -0.421205
0.278301 0.641448 0.220684 0.679994
0.300823 0.643139 0.225032 0.667262
0.322886 0.647673 0.235812 0.648581
0.349136 0.639833 0.244133 0.639622
0.376836 0.637782 0.245094 0.625426
0.401092 0.627877 0.254183 0.616674
0.416412 0.617085 0.265907 0.612455
0.434619 0.60358 0.270531 0.611237
0.455847 0.618765 0.259273 0.584902
0.463279 0.607256 0.264126 0.58894
0.595315 0.44646 0.116989 0.657714
0.478627 0.606622 0.265235 0.576694
0.476533 0.609739 0.274463 0.570793
0.482936 0.615542 0.275857 0.558376
0.479467 0.609285 0.293606 0.559176
0.477201 0.619478 0.305109 0.543539
0.473129 0.60393 0.326534 0.55208
0.465818 0.596681 0.34936 0.552207
0.47125 0.602475 0.351646 0.539716
0.446864 0.577804 0.393773 0.558031
0.450437 0.593768 0.393733 0.53807
0.454415 0.595782 0.395793 0.530942
0.436498 0.590084 0.418914 0.534585
0.439162 0.598557 0.417123 0.524285
0.443548 0.60643 0.411734 0.515735
0.43431 0.607784 0.419432 0.5158
0.432416 0.602023 0.419675 0.523887
0.415722 0.598114 0.431704 0.53204
0.410462 0.598418 0.427128 0.539425
0.40764 0.597668 0.419367 0.54841
0.401937 0.600105 0.405453 0.560293
0.392637 0.599275 0.398534 0.572606
0.382141 0.611434 0.384287 0.576576
0.368428 0.614259 0.372491 0.590082
0.354144 0.618915 0.360541 0.60128
0.334842 0.626347 0.347666 0.612127
0.320414 0.631511 0.329797 0.62431
0.557358 0.458663 0.0168741 0.691878
0.285031 0.658006 0.293886 0.631995
0.258985 0.660344 0.283751 0.645258
0.533162 0.45267 -0.0930842 0.708635
0.31752 0.609742 0.142472 0.712108
0.18834 0.686724 0.237711 0.66063
0.166776 0.693572 0.216147 0.666651
0.457995 0.484058 -0.181164 0.723261
0.111633 0.706229 0.18785 0.673417
0.0882422 0.71157 0.167345 0.676666
0.0667767 0.715811 0.146877 0.679399
0.0445631 0.721264 0.125416 0.679752
0.332671 0.52669 -0.26624 0.735557
-0.00113736 0.727509 0.0799697 0.681421
0.23851 0.562688 -0.258674 0.748053
-0.0147051 0.6745 -0.00887942 0.738075
-0.074131 0.739083 -0.00520263 0.669502
-0.0915941 0.733135 -0.0420908 0.672572
-0.12026 0.735383 -0.0665303 0.663569
-0.141698 0.726224 -0.0987804 0.665404
0.610915 0.684817 0.388613 -0.0823951
-0.187743 0.716705 -0.162776 0.651606
0.624216 0.0545715 0.76636 0.141667
-0.243453 0.706648 -0.218763 0.627313
-0.264891 0.695184 -0.252958 0.618518
-0.236188 0.272324 -0.270652 0.892638
-0.322065 0.67711 -0.306246 0.586524
-0.341833 0.661676 -0.344053 0.571806
-0.313673 0.209905 -0.352366 0.85638
-0.340238 0.198226 -0.380275 0.836861
-0.365655 0.184039 -0.406217 0.816954
0.505415 -0.518746 0.487624 -0.487525
