4 -1.9409 2
3.9808 -0.216285 1.02212
3.96796 -0.215537 1.01716
4 -1.9409 2
4 -0.226001 1.07907
3.97011 -0.220545 1.01114
4 -0.222385 1.01579
4 -0.227881 1.02239
4 -0.61227 2
4 -0.232702 1.07334
4 -0.228826 1.02002
4 -0.228235 1.01396
4 -0.227851 1.00904
4 -0.232635 1.01426
4 -0.237903 1.00844
4 -0.239328 1.00723
4 -0.238227 1.00096
4 -0.247433 1.03695
4 -0.248591 0.999233
4 -0.777756 2
4 -0.249349 0.997456
4 -0.251182 0.999258
4 -0.251469 0.997129
4 -0.2573 0.995518
4 -0.25799 0.999797
4 -1.33122 2
4 -1.33122 2
4 -1.33122 2
4 -0.260181 1.00494
4 -0.260181 1.00494
4 -0.259111 1.00104
4 -0.260612 1.00463
4 -1.38786 2
4 -1.38786 2
4 -1.38786 2
4 -1.38786 2
4 -0.262913 1.00851
4 -0.26395 1.0054
4 -0.26395 1.0054
4 -0.264724 1.0099
4 -0.262126 1.00045
4 -0.270241 1.05712
4 -0.270241 1.05712
4 -0.271039 1.05634
4 -0.265385 0.999015
4 -0.26768 0.999955
4 -0.26992 1.00073
4 -0.26992 1.00073
4 -0.26992 1.00073
4 -0.26992 1.00073
4 -0.275214 1.05359
4 -0.2688 1.00012
4 -0.2688 1.00012
4 -0.271129 1.00186
4 -0.271129 1.00186
4 -0.270338 0.997419
4 -0.270338 0.997419
4 -0.271368 0.994608
4 -0.271368 0.994608
4 -0.271368 0.994608
4 -0.271368 0.994608
4 -0.270338 0.997419
4 -0.270338 0.997419
4 -0.270338 0.997419
4 -0.270338 0.997419
4 -0.268502 0.992664
4 -0.268502 0.992664
3.98022 -0.26681 0.986532
4 -0.268502 0.992664
4 -0.268502 0.992664
4 -0.268502 0.992664
3.98247 -0.270128 0.990503
4 -0.283233 1.05902
4 -0.285767 1.05849
3.96241 -0.275763 0.990568
3.9617 -0.282604 0.992147
4 -0.319104 1.12522
3.95602 -0.298679 0.99575
4 -1.9409 2
3.94942 -0.318441 0.999079
3.90777 -0.326704 0.992046
4 -0.374163 1.09691
4 -0.379268 1.07282
4 -0.400694 1.07527
4 -0.420928 1.07436
3.90165 -0.418675 1.00194
4 -0.451211 1.05738
4 -0.486501 1.0769
4 -0.50512 1.07645
3.87105 -0.501814 1.0074
4 -0.541649 1.06978
3.86797 -0.542207 1.01646
3.87071 -0.562362 1.02383
3.83276 -0.576394 1.02037
4 -0.628032 1.09315
3.85772 -0.619649 1.03855
4 -0.66026 1.08823
4 -1.9409 2
4 -1.9409 2
3.7912 -0.683346 1.04
3.80071 -0.704536 1.04582
3.762 -0.716558 1.03844
3.91537 -0.76335 1.07904
3.78994 -0.763595 1.04616
3.83619 -0.796031 1.06094
3.76362 -0.799627 1.04057
3.73907 -0.817726 1.03203
4 -0.905588 1.11668
3.75644 -0.868733 1.03674
4 -1.9409 2
3.8969 -0.94773 1.07797
3.88667 -0.966229 1.07718
3.7829 -0.96603 1.04494
4 -1.9409 2
3.72566 -1.01236 1.03922
3.72121 -1.0398 1.04114
3.71624 -1.06599 1.03968
3.71253 -1.09352 1.04179
3.71736 -1.12449 1.04621
3.71204 -1.15154 1.04315
4 -1.9409 2
3.73802 -1.21396 1.05134
3.74692 -1.25967 1.0515
3.74821 -1.29674 1.04854
3.75965 -1.33931 1.05172
3.78357 -1.37968 1.05352
3.71642 -1.38739 1.03504
3.70883 -1.42412 1.03108
4 -1.9409 2
3.78944 -1.51857 1.05143
3.75002 -1.53018 1.04256
3.75686 -1.56167 1.0507
3.74167 -1.57962 1.04935
3.73711 -1.60116 1.05574
3.73855 -1.62527 1.05823
3.76004 -1.66211 1.0695
3.64708 -1.63754 1.04516
3.70483 -1.6814 1.05827
3.74546 -1.72531 1.06881
3.70127 -1.72842 1.05688
3.71054 -1.76164 1.05958
3.71193 -1.78112 1.05828
3.66793 -1.78267 1.04555
3.65084 -1.80006 1.03969
3.6655 -1.83159 1.04327
3.63348 -1.83806 1.03413
3.63045 -1.86578 1.0364
3.61645 -1.87923 1.03213
3.58114 -1.88227 1.02087
3.53685 -1.87982 1.00819
3.59928 -1.93959 1.03188
3.52517 -1.91651 1.01371
3.56255 -1.9409 1.03181
3.46678 -1.92824 1.00571
3.51094 -1.9409 1.02576
3.47674 -1.9409 1.02164
3.53195 -1.9409 1.04424
3.454 -1.9409 1.02538
3.5135 -1.9409 1.04778
3.49552 -1.9409 1.04674
3.42099 -1.9409 1.02726
3.47493 -1.9409 1.0451
3.46937 -1.9409 1.04481
3.42969 -1.9409 1.03553
3.43679 -1.9409 1.03924
3.44972 -1.9409 1.04466
3.43064 -1.9409 1.03994
3.40839 -1.9409 1.03587
3.41594 -1.9409 1.0433
3.40334 -1.9409 1.03903
3.38384 -1.9409 1.03444
3.37789 -1.9409 1.03381
3.39333 -1.9409 1.0437
3.38222 -1.9409 1.03873
3.4063 -1.9409 1.02325
3.41878 -1.9409 1.02962
3.34742 -1.9409 0.998269
3.41153 -1.9409 1.02059
3.42064 -1.9409 1.01611
3.42823 -1.9409 1.01095
3.3898 -1.9409 1.00529
3.38031 -1.9409 0.995206
3.38807 -1.9409 0.991764
3.47635 -1.9409 1.01939
3.48513 -1.9409 1.01
3.40343 -1.9409 0.999601
3.50498 -1.9409 1.01716
3.40431 -1.9409 0.987028
3.49466 -1.9409 1.019
3.51919 -1.9409 1.02028
3.49685 -1.9409 1.01556
3.55079 -1.9409 1.02936
3.48173 -1.9409 1.00645
3.54804 -1.9409 1.0288
3.55589 -1.9409 1.02572
3.53699 -1.9409 1.02408
3.51946 -1.91528 1.01163
3.54884 -1.92246 1.02162
3.56104 -1.91204 1.02189
3.56632 -1.89547 1.02333
3.55682 -1.87225 1.01905
3.57426 -1.86526 1.0225
3.54749 -1.83025 1.01324
3.52517 -1.79004 1.00269
3.55371 -1.79293 1.01168
3.55926 -1.77606 1.01145
3.53714 -1.74396 1.00406
3.546 -1.72795 1.00629
3.40601 -1.63325 0.96154
3.54516 -1.6872 1.00939
3.5626 -1.67354 1.01425
3.57471 -1.65984 1.01934
3.54085 -1.62149 1.00816
3.51154 -1.58613 1.00294
3.59353 -1.59726 1.02997
3.46625 -1.52095 0.994857
3.58594 -1.54723 1.03006
3.57838 -1.51815 1.02844
3.48463 -1.46274 1.00143
3.48165 -1.43643 1.00074
3.59618 -1.45589 1.0318
3.53719 -1.40976 1.01061
4 -1.9409 2
3.60224 -1.37771 1.02423
4 -1.9409 1.6302
3.6287 -1.33044 1.02576
3.68643 -1.32263 1.03889
3.63675 -1.27665 1.02357
3.67053 -1.26202 1.03155
3.596 -1.20924 1.01598
4 -1.9409 2
3.71575 -1.19572 1.04128
4 -1.9409 2
3.67222 -1.12356 1.02743
3.71432 -1.11667 1.0379
3.675 -1.08101 1.02859
3.75842 -1.08919 1.05214
3.7519 -1.06326 1.05026
3.68124 -1.01435 1.02708
3.77772 -1.02867 1.05078
3.64798 -0.969938 1.01973
3.78022 -0.979502 1.05009
3.70227 -0.93022 1.02226
3.72097 -0.918194 1.03111
3.71061 -0.890332 1.02489
3.77866 -0.883978 1.03163
3.77933 -0.856075 1.03061
3.777 -0.831128 1.0258
3.79645 -0.810539 1.02579
3.74847 -0.768036 1.01174
4 -1.9409 2
3.79811 -0.731626 1.02285
3.7793 -0.698706 1.01921
3.73426 -0.658203 1.00958
3.76809 -0.637859 1.01891
3.79763 -0.623326 1.02913
3.8262 -0.601065 1.03982
3.83071 -0.573752 1.04072
3.79103 -0.541427 1.02385
3.83979 -0.524324 1.03529
3.82052 -0.492939 1.02691
3.9235 -0.472855 1.05264
3.86824 -0.442607 1.03295
4 -1.9409 2
4 -1.9409 2
3.9109 -0.355962 1.03102
3.96825 -0.331896 1.04525
4 -0.309767 1.05312
3.94817 -0.279522 1.03574
3.91363 -0.255266 1.02859
4 -1.54721 2
3.97156 -0.21409 1.0506
3.96215 -0.195636 1.04835
4 -0.179421 1.06813
4 -0.162637 1.06909
4 -0.139156 1.0604
4 -0.123226 1.05651
3.99947 -0.105137 1.05439
3.96795 -0.0846969 1.0431
4 -0.0670408 1.05526
4 -0.046399 1.05306
4 -0.0278291 1.05372
4 -0.00635631 1.06623
4 -0.408854 2
4 0.0349556 1.05538
4 0.0604542 1.05694
4 0.0779311 1.04627
4 0.105054 1.0717
4 0.127463 1.07363
4 0.148655 1.06883
4 0.162917 1.04976
4 0.190171 1.0841
4 2.0591 2
4 0.215449 1.05122
4 0.233397 1.04966
4 0.264651 1.09171
4 0.285364 1.0935
4 1.72812 2
4 0.786153 2
4 0.34825 1.108
4 0.347299 1.06546
4 0.383026 1.10335
4 1.4067 2
4 0.409946 1.07887
4 0.453256 1.12136
4 1.49206 2
4 2.0591 2
4 0.493337 1.08176
4 0.508872 1.07688
4 0.533966 1.08545
4 2.0591 2
4 0.600438 1.13362
4 2.03268 2
4 0.594021 1.08072
4 2.0591 2
4 0.668652 1.14701
4 0.685098 1.14811
4 0.65086 1.08884
4 0.65754 1.08275
4 0.666368 1.08344
4 0.67516 1.08404
4 0.68049 1.08194
4 0.683994 1.07711
4 0.691397 1.07829
4 0.692609 1.07317
4 0.751073 1.1412
4 0.778645 1.17497
4 0.778645 1.17497
4 0.691705 1.06316
4 0.689792 1.07407
4 0.684898 1.06867
4 0.675098 1.06692
3.99542 0.666854 1.06183
4 0.66327 1.06687
4 0.653165 1.06712
4 0.640773 1.0692
4 0.623924 1.0635
4 0.665301 1.13442
4 0.597674 1.06831
4 0.649513 1.16679
4 0.561213 1.06833
4 0.606058 1.17003
3.99926 0.516569 1.06613
3.9692 0.487838 1.05643
3.98553 0.463941 1.0607
3.97555 0.437818 1.06145
3.97721 0.409267 1.05835
4 2.0591 2
4 0.772191 2
3.95856 0.330373 1.05532
4 0.306855 1.07511
4 0.280812 1.08051
4 0.279782 1.15112
3.96692 0.228524 1.06956
3.99374 0.204539 1.07678
3.94793 0.175813 1.06955
3.99562 0.153873 1.08778
4 0.129638 1.09374
4 0.233013 2
3.95474 0.0792034 1.08511
4 0.0647571 1.14106
4 0.0377159 1.1444
4 0.0151744 1.15218
3.93496 -0.0159935 1.07954
3.95593 -0.0398422 1.08216
4 -0.185382 2
3.91321 -0.085536 1.06545
4 -0.105915 1.10087
3.88998 -0.13077 1.06078
4 -0.157291 1.11569
3.93713 -0.182558 1.0803
4 -0.210063 1.12283
4 -0.231967 1.11708
4 -0.260271 1.12164
3.88047 -0.277296 1.07958
4 -0.308704 1.12973
4 -1.9409 2
3.9243 -0.351122 1.09988
3.8999 -0.378471 1.09156
3.82655 -0.396946 1.06798
3.89184 -0.428434 1.08089
3.85993 -0.454879 1.07041
4 -1.9409 2
3.86376 -0.509579 1.0634
3.9828 -0.54722 1.09695
3.99479 -0.577786 1.09921
4 -0.602739 1.1041
3.81879 -0.602898 1.04757
3.83635 -0.629093 1.05247
3.99691 -0.664486 1.10002
3.83616 -0.659535 1.05722
3.85094 -0.68074 1.0663
3.84327 -0.689167 1.06254
3.88888 -0.70824 1.07666
4 -0.733416 1.10557
3.91494 -0.732955 1.07895
4 -0.771989 1.12049
3.88078 -0.742623 1.06122
4 -0.773567 1.10192
3.95151 -0.766037 1.06865
3.9281 -0.763531 1.0541
3.98096 -0.777832 1.06303
4 -0.803978 1.09296
4 -0.787543 1.05311
4 -0.802731 1.06944
4 -0.807154 1.06092
4 -0.82016 1.06813
4 -0.828664 1.07886
4 -0.832647 1.07391
4 -0.843121 1.08863
4 -0.837606 1.0724
4 -0.837606 1.0724
4 -0.860606 1.09305
4 -0.915931 1.14145
4 -0.851547 1.06803
4 -0.867997 1.08735
4 -0.87363 1.08176
4 -0.86888 1.06523
4 -0.885548 1.07543
4 -1.9409 2
4 -0.896957 1.06217
4 -0.910951 1.06018
4 -0.920293 1.05928
4 -0.933746 1.05953
4 -0.943156 1.05604
4 -0.952801 1.04968
4 -0.974198 1.06597
4 -0.98729 1.07247
4 -0.992848 1.06161
4 -1.00058 1.07516
4 -1.0014 1.05478
4 -1.00611 1.05578
4 -1.01782 1.06423
4 -1.01376 1.05325
4 -1.0239 1.06328
4 -1.03923 1.07616
4 -1.9409 2
4 -1.03552 1.06561
4 -1.03393 1.06139
0.5 2.0591 -2
4 -1.9409 2
4 -1.9409 2
4 -1.9409 1.97757
4 -1.9409 2
4 -1.0538 1.06331
4 -1.9409 2
4 -1.9409 2
4 -1.07179 1.07221
4 -1.06865 1.06148
4 -1.08157 1.08527
4 -1.06865 1.06148
4 -1.094 1.08134
4 -1.09513 1.07913
4 -1.08146 1.06861
4 -1.09308 1.0602
4 -1.12042 1.08473
4 -1.9409 2
4 -1.9409 2
4 -1.54267 1.37804
4 -1.13078 1.04942
4 -1.15594 1.07063
4 -1.11255 1.06803
4 -1.13987 1.06826
4 -1.64247 1.51892
4 -1.12849 1.04022
4 -1.15113 1.06818
4 -1.13823 1.04445
4 -1.17066 1.07533
4 -1.15688 1.05929
4 -1.18496 1.07438
4 -1.16752 1.05719
4 -1.1636 1.05131
4 -1.19025 1.05957
4 -1.15104 1.08325
4 -1.17897 1.06629
4 -1.16922 1.06757
4 -1.16571 1.07653
4 -1.9409 2
4 -1.15951 1.06984
4 -1.178 1.08387
4 -1.16076 1.06028
4 -1.14645 1.04946
4 -1.16418 1.06933
4 -1.90481 1.6548
4 -1.1848 1.08123
4 -1.1848 1.08123
4 -1.74966 1.50014
4 -1.74966 1.50014
4 -1.15185 1.0528
4 -1.74966 1.50014
4 -1.16324 1.0619
4 -1.15823 1.05542
4 -1.19558 1.07727
4 -1.18046 1.06259
4 -1.9409 2
4 -1.9409 1.95112
4 -1.9409 1.95112
4 -1.19153 1.05714
4 -1.23543 1.07812
4 -1.23461 1.07033
4 -1.23219 1.06707
4 -1.23922 1.06149
4 -1.60818 1.32164
4 -1.24106 1.05645
4 -1.26882 1.07269
4 -1.26867 1.06743
4 -1.26228 1.06304
4 -1.28311 1.07603
4 -1.28372 1.07909
4 -1.29353 1.08448
4 -1.45601 1.21706
4 -1.27702 1.06804
4 -1.26557 1.05912
4 -1.26509 1.0629
4 -1.27055 1.07015
4 -1.25586 1.04755
4 -1.66474 1.35049
4 -1.27911 1.06093
4 -1.27643 1.0676
4 -1.26161 1.06404
4 -1.28343 1.08277
4 -1.9409 2
4 -1.9409 2
4 -1.23842 1.05596
4 -1.2426 1.05709
4 -1.23852 1.05755
4 -1.23131 1.05158
4 -1.23498 1.06456
4 -1.20758 1.04607
4 -1.24017 1.07505
4 -1.21513 1.0514
4 -1.22271 1.05801
4 -1.20367 1.05075
4 -1.22543 1.06438
4 -1.21355 1.05783
4 -1.22425 1.06357
4 -1.2086 1.05101
4 -1.9409 2
4 -1.24575 1.07879
4 -1.20243 1.04817
4 -1.20437 1.05474
4 -1.20641 1.05964
4 -1.21642 1.06471
4 -1.62671 1.37244
4 -1.20459 1.06332
4 -1.21074 1.07308
4 -1.9409 2
4 -1.21462 1.0873
4 -1.19477 1.07835
4 -1.19477 1.08166
4 -1.19867 1.09
4 -1.18315 1.07565
4 -1.18436 1.08176
4 -1.17961 1.08652
4 -1.18683 1.09338
4 -1.15981 1.07203
4 -1.9409 2
4 -1.9409 2
4 -1.15167 1.08642
4 -1.17456 1.10953
4 -1.9409 2
4 -1.10728 1.06913
4 -1.12187 1.09525
4 -1.12349 1.10191
4 -1.10749 1.09527
4 -1.9409 2
4 -1.11055 1.11422
4 -1.09917 1.10578
4 -1.07371 1.08194
4 -1.08267 1.09824
4 -1.05366 1.07695
4 -1.0695 1.08751
4 -1.05543 1.08363
4 -1.05555 1.08664
4 -1.04662 1.08306
4 -1.04623 1.08782
4 -1.03121 1.08532
4 -1.02515 1.08589
4 -1.04299 1.11419
4 -1.01868 1.10746
4 -0.997143 1.08836
4 -0.98977 1.09185
4 -0.976975 1.09088
4 -0.967573 1.08973
4 -1.9409 2
4 -0.933637 1.07725
4 -0.921015 1.0697
4 -0.914536 1.07508
4 -0.912417 1.08668
4 -0.900754 1.08076
4 -0.892815 1.08931
4 -0.882572 1.09118
4 -0.871929 1.09269
4 -0.872609 1.10855
4 -0.863295 1.10807
4 -0.859374 1.11545
4 -0.845468 1.1073
4 -0.84216 1.10611
4 -0.829168 1.09574
4 -0.829168 1.09574
3.98585 -0.82272 1.09365
3.98028 -0.821595 1.1018
4 -1.9409 2
3.90408 -0.81061 1.09622
3.86182 -0.805596 1.09427
3.85804 -0.803752 1.10636
3.82289 -0.801002 1.10986
3.69809 -0.779496 1.081
3.67199 -0.775048 1.08742
3.62776 -0.766898 1.08818
3.60375 -0.76004 1.09184
4 -1.9409 2
3.51603 -0.742802 1.08469
4 -1.9409 2
4 -1.9409 2
4 -1.9409 2
3.38107 -0.712197 1.07195
3.43648 -0.713921 1.10005
3.39538 -0.70175 1.09412
3.29191 -0.688568 1.07172
4 -1.9409 2
4 -1.9409 2
3.2261 -0.671888 1.08608
3.20548 -0.670252 1.09292
4 -1.9409 2
3.18247 -0.666505 1.11363
4 -1.9409 2
3.15651 -0.667929 1.13162
3.10193 -0.663387 1.12146
3.07629 -0.661137 1.12285
3.02309 -0.652834 1.11229
3.00721 -0.657424 1.11705
2.96185 -0.650582 1.1108
2.93465 -0.651707 1.11254
2.94561 -0.658826 1.12898
2.86378 -0.64413 1.109
2.82496 -0.638565 1.10711
3.13295 -0.811606 1.25551
2.78075 -0.634553 1.11601
2.76342 -0.631328 1.12312
4 -1.9409 2
2.69424 -0.616524 1.11792
2.67315 -0.611478 1.12297
2.64323 -0.601019 1.12026
2.61991 -0.59316 1.1194
4 -1.9409 2
2.63024 -0.590704 1.14066
2.53029 -0.566689 1.10907
2.49772 -0.553911 1.10441
2.47515 -0.54619 1.10593
2.43378 -0.534116 1.09785
2.41286 -0.525081 1.10432
2.38365 -0.51694 1.10051
2.32272 -0.507056 1.08345
2.34488 -0.506209 1.10779
2.30796 -0.498547 1.10509
2.29328 -0.496144 1.10989
2.25244 -0.488354 1.10379
2.2437 -0.485569 1.10898
2.22573 -0.481325 1.11061
4 -1.9409 2
2.16559 -0.46813 1.09731
2.14489 -0.465444 1.09519
2.12972 -0.464395 1.09747
2.11048 -0.460867 1.09494
2.08036 -0.456394 1.08808
2.04846 -0.452009 1.08808
2.03601 -0.449582 1.09128
2.01971 -0.444636 1.09124
2.00228 -0.440194 1.09144
1.99381 -0.437019 1.09615
1.97579 -0.433889 1.09731
1.96813 -0.430273 1.10116
1.95479 -0.424523 1.10109
1.94901 -0.425139 1.10292
1.92987 -0.414625 1.09969
1.92047 -0.41145 1.0992
1.91001 -0.407869 1.09736
1.90492 -0.405982 1.10089
1.8997 -0.404473 1.10183
1.8926 -0.40294 1.10225
1.88543 -0.399078 1.10054
1.87944 -0.395834 1.101
1.85529 -0.386592 1.08977
1.87253 -0.393391 1.10061
1.8724 -0.393365 1.10055
1.8663 -0.38989 1.09767
1.86613 -0.389094 1.09765
1.86582 -0.390868 1.09899
1.86015 -0.390891 1.0956
1.85342 -0.389294 1.09256
1.85439 -0.39117 1.09316
1.85466 -0.391371 1.09395
3.75214 -0.86182 2
4 -1.76733 2
1.84757 -0.394542 1.09156
1.85406 -0.397113 1.09536
1.84886 -0.396202 1.09227
1.85533 -0.397356 1.09608
1.85605 -0.39719 1.09486
1.84984 -0.395709 1.0896
1.85603 -0.402074 1.09257
1.8567 -0.402648 1.09287
1.8631 -0.403623 1.09498
1.86349 -0.405212 1.09429
1.85826 -0.405237 1.08992
1.85839 -0.405462 1.08922
1.86518 -0.409194 1.09082
1.87784 -0.414196 1.09519
1.87096 -0.412607 1.08802
1.87623 -0.414758 1.08701
1.88843 -0.418868 1.0923
1.88107 -0.416312 1.08418
1.89364 -0.41967 1.0881
1.90075 -0.420463 1.08903
1.90851 -0.422131 1.09023
1.90822 -0.422905 1.08498
1.92493 -0.425532 1.09212
1.92665 -0.424887 1.08717
1.94621 -0.427392 1.09315
1.94564 -0.425214 1.08773
1.9446 -0.420877 1.0829
1.95127 -0.418324 1.07838
1.95589 -0.415755 1.07247
1.96942 -0.413462 1.07221
1.98078 -0.412479 1.06813
1.98787 -0.41002 1.06012
1.98625 -0.405717 1.04812
1.99129 -0.402209 1.03962
1.99878 -0.400486 1.03082
2.00547 -0.399411 1.02131
2.00962 -0.397257 1.01212
2.01413 -0.395514 0.998017
2.01639 -0.396278 0.986425
2.01698 -0.396129 0.972093
2.01672 -0.396338 0.95822
2.0272 -0.401116 0.946521
2.02015 -0.399847 0.928767
2.0257 -0.402798 0.916508
1.99964 -0.396453 0.891977
2.02753 -0.406471 0.888986
2.02605 -0.407593 0.873423
2.00128 -0.403334 0.850295
2.03816 -0.415204 0.848566
2.03542 -0.416364 0.834011
2.03371 -0.419154 0.821015
2.03282 -0.421742 0.80625
2.03471 -0.423413 0.794418
2.03541 -0.425097 0.784686
2.03323 -0.425078 0.770887
2.04059 -0.428058 0.761357
2.03154 -0.426418 0.748168
4 -1.13951 1.65276
2.03578 -0.426177 0.731418
2.03648 -0.426694 0.725664
2.03281 -0.425712 0.718858
2.04198 -0.425276 0.715148
2.03112 -0.423121 0.705765
2.03619 -0.425109 0.701898
2.03711 -0.423765 0.69561
2.02902 -0.420212 0.684993
2.03258 -0.422338 0.680823
2.0381 -0.4231 0.674412
2.03488 -0.422917 0.667669
2.033 -0.421813 0.663528
2.03122 -0.422478 0.658506
2.02876 -0.420145 0.653905
2.03521 -0.421455 0.654357
2.03457 -0.421645 0.651617
2.0309 -0.421069 0.647696
2.02646 -0.419613 0.645723
2.02746 -0.418417 0.644288
2.01809 -0.41626 0.641271
2.02586 -0.415966 0.643197
2.02402 -0.413355 0.644041
2.01084 -0.408564 0.639197
2.02289 -0.408549 0.642164
2.02053 -0.403761 0.645007
4 -1.9409 2
1.99759 -0.388468 0.639606
4 -1.9409 2
4 -1.9409 2
4 -1.9409 2
2.01031 -0.339923 0.656667
2.01873 -0.325731 0.659956
0.5 2.0591 -2
1.86244 -0.247989 0.610383
1.9951 -0.275053 0.660033
2.0098 -0.255966 0.665303
1.85909 -0.191288 0.615473
2.01415 -0.214008 0.67301
1.99884 -0.193781 0.673402
1.85899 -0.134513 0.626536
1.86199 -0.115404 0.628305
2.01135 -0.129864 0.683913
1.9925 -0.108469 0.679825
1.9971 -0.0881445 0.680569
2.00919 -0.065186 0.684075
2.00365 -0.0413064 0.680026
1.98502 -0.024077 0.674522
1.99467 0.000722453 0.678243
2.00597 0.0281227 0.683806
1.98294 0.0520095 0.675438
4 0.322951 2
4 0.168577 1.62639
1.97876 0.129735 0.676476
4 0.846517 2
1.97969 0.185802 0.683114
1.97395 0.21311 0.686066
1.97181 0.240541 0.690432
1.96762 0.268355 0.693918
1.97205 0.297089 0.702326
1.97 0.326754 0.706791
1.8588 0.323475 0.668725
1.94827 0.381594 0.709051
1.85374 0.378599 0.672011
1.96626 0.446502 0.719293
1.84798 0.437137 0.674084
1.83277 0.462475 0.670705
1.84645 0.496852 0.674945
1.82169 0.519483 0.668066
1.80935 0.546066 0.663931
1.94624 0.636154 0.722028
1.8033 0.60309 0.667266
1.79661 0.630976 0.666746
1.81023 0.66443 0.674096
1.79837 0.68595 0.673942
1.7983 0.711335 0.679164
1.79194 0.733422 0.681843
1.78149 0.754324 0.682938
1.78188 0.778846 0.687507
1.76682 0.797167 0.687255
1.90306 0.907653 0.752107
1.74173 0.839238 0.683956
1.88859 0.963242 0.753467
1.72385 0.885942 0.683525
1.87305 1.01933 0.751937
1.70093 0.935531 0.6789
1.68804 0.959844 0.676828
1.85199 1.11096 0.755603
1.83811 1.13553 0.755406
1.90716 1.14132 0.808989
1.79869 1.02469 0.750902
1.91948 1.06722 0.799256
1.93087 1.03433 0.794939
1.94929 1.00215 0.796838
1.91972 0.94069 0.774643
1.98496 0.946901 0.802509
2.00387 0.916088 0.804553
2.0038 0.881267 0.80307
2.01088 0.84951 0.804086
2.01224 0.817578 0.803008
2.02888 0.793145 0.807176
2.04654 0.769334 0.813702
2.05151 0.743802 0.813293
2.04122 0.710916 0.805979
2.06328 0.690739 0.809472
4 1.76162 2
2.02487 0.626363 0.789147
2.06062 0.605477 0.791363
2.06759 0.576797 0.788564
2.07598 0.551565 0.787611
2.08182 0.522148 0.784309
2.09091 0.49599 0.785209
2.09425 0.467725 0.782751
2.09862 0.440355 0.786299
2.09868 0.413424 0.785791
2.11593 0.389013 0.793084
2.12177 0.362104 0.794665
2.13457 0.336891 0.800617
2.15964 0.314667 0.808938
2.14296 0.286033 0.799952
2.15258 0.259574 0.800799
2.16014 0.232503 0.803814
2.16521 0.208091 0.805849
2.16704 0.184737 0.80859
2.19572 0.162629 0.8238
2.19615 0.140657 0.826669
4 0.38683 2
3.20781 0.127985 1.17954
2.18643 0.08666 0.826985
2.19709 0.0671606 0.831219
2.1985 0.0548772 0.829746
4 -0.152107 2
4 -0.0252723 1.49713
4 -0.0601798 1.49597
2.14577 0.0024093 0.794539
2.18775 -0.0247763 0.807494
2.15655 -0.0297673 0.788351
4 -0.186603 1.44215
2.20585 -0.0713703 0.798498
2.12367 -0.0652846 0.761879
4 -0.319016 1.55504
2.21516 -0.112719 0.794367
4 -0.501214 2
2.21588 -0.134559 0.795314
2.19626 -0.143627 0.788789
2.08204 -0.124966 0.744308
2.08049 -0.132918 0.745409
2.20399 -0.171451 0.795408
2.06378 -0.146553 0.742764
2.19507 -0.18762 0.795704
2.20492 -0.195578 0.801799
2.081 -0.171545 0.752019
2.08706 -0.181247 0.754995
2.09322 -0.189401 0.757954
2.08805 -0.197105 0.756097
4 -1.9409 2
2.12138 -0.219907 0.768992
2.08874 -0.221223 0.760275
2.21341 -0.260979 0.811163
2.1783 -0.265596 0.800425
4 -1.9409 2
2.17774 -0.281957 0.802786
2.17546 -0.291828 0.802426
2.19674 -0.301461 0.809321
2.1703 -0.3077 0.796751
2.18442 -0.317101 0.800084
2.17716 -0.321044 0.794797
2.13842 -0.323174 0.777113
2.17599 -0.326982 0.789928
2.17823 -0.326989 0.7926
2.15165 -0.319077 0.781951
4 -0.961349 1.90779
2.14938 -0.307956 0.783978
2.11081 -0.295594 0.77086
2.14655 -0.29612 0.786697
2.13791 -0.2879 0.782897
2.14079 -0.280135 0.787969
2.13287 -0.269772 0.786095
1.97989 -0.253161 0.742813
2.02175 -0.245839 0.745054
2.12856 -0.244947 0.792448
2.11252 -0.239141 0.788795
2.134 -0.235091 0.798138
2.12589 -0.229761 0.797579
2.09079 -0.221692 0.787959
2.09793 -0.218758 0.793425
2.13249 -0.216007 0.803807
1.96565 -0.1805 0.723914
2.13156 -0.209795 0.805441
2.12682 -0.207908 0.805102
1.95727 -0.17484 0.71655
1.96092 -0.175763 0.714688
1.95271 -0.174433 0.70915
1.98262 -0.181101 0.719889
1.97667 -0.180514 0.712694
2.14034 -0.205332 0.793325
2.00063 -0.18582 0.715216
0.5 2.0591 -2
2.12507 -0.207859 0.777019
2.13554 -0.210834 0.7724
2.12858 -0.212389 0.764772
2.18023 -0.223131 0.764741
4 -1.9409 2
4 -1.9409 2
2.15 -0.233075 0.749227
2.22872 -0.248654 0.762307
2.15713 -0.244725 0.738582
2.05006 -0.22418 0.673483
2.2012 -0.265093 0.726855
4 -1.1499 2
2.15174 -0.26833 0.70149
2.16212 -0.276892 0.695099
2.91203 -0.456179 0.95749
2.17041 -0.293159 0.677865
2.19319 -0.309839 0.670678
2.17549 -0.312527 0.659377
0.5 0.44028 -0.649591
2.18603 -0.330858 0.640957
2.34972 -0.361982 0.67518
2.19385 -0.347704 0.629204
2.39811 -0.385087 0.675698
2.19467 -0.361512 0.617991
2.19934 -0.366752 0.615008
4 -1.9409 2
4 -1.9409 2
2.19428 -0.381185 0.603932
2.19275 -0.384967 0.599463
2.19613 -0.387291 0.600355
2.18905 -0.389325 0.595127
2.19584 -0.393644 0.597762
2.19111 -0.392411 0.595752
0.5 2.0591 -2
2.19613 -0.398039 0.598074
2.19318 -0.39966 0.598556
0.5 0.547516 -0.648478
2.18316 -0.397923 0.604392
2.17882 -0.39738 0.607082
2.17424 -0.394539 0.611896
2.18309 -0.394523 0.622255
2.17159 -0.388393 0.627737
2.16794 -0.387778 0.630398
2.16635 -0.385033 0.638595
2.17488 -0.384791 0.651621
4 -1.9409 2
2.16262 -0.375086 0.666688
4 -1.9409 2
2.15904 -0.367257 0.685088
2.16176 -0.36423 0.698799
4 -1.06881 1.66205
2.15979 -0.358097 0.722434
3.40114 -0.690051 1.18456
2.15626 -0.354352 0.735449
2.15373 -0.351482 0.739322
2.14437 -0.348302 0.736414
2.13929 -0.342562 0.73339
2.15147 -0.34173 0.730578
2.14813 -0.338103 0.722117
2.15498 -0.335663 0.716522
2.15056 -0.331278 0.704266
2.15547 -0.328598 0.694546
2.17779 -0.326574 0.685742
2.16009 -0.318645 0.670824
2.16721 -0.311857 0.659111
2.18591 -0.308821 0.650857
4 -0.926417 1.30172
2.2071 -0.301602 0.62248
2.19148 -0.296729 0.610141
2.19193 -0.291624 0.596695
2.19691 -0.290777 0.585838
2.20132 -0.287959 0.575658
2.20167 -0.287311 0.564096
2.20843 -0.289744 0.552653
2.21731 -0.294011 0.540645
2.20799 -0.294326 0.528659
2.21947 -0.301718 0.523086
2.21434 -0.304733 0.513935
2.20917 -0.309565 0.503743
2.19513 -0.310286 0.49357
2.18934 -0.314899 0.484156
4 -1.9409 2
0.5 2.0591 -2
2.18386 -0.322085 0.455826
2.19289 -0.327354 0.449459
2.17781 -0.328276 0.433411
2.17894 -0.333853 0.421344
2.18757 -0.340196 0.41226
2.19336 -0.346422 0.402191
2.1873 -0.350043 0.394355
2.19896 -0.358056 0.388719
2.18864 -0.356761 0.379726
2.18443 -0.355787 0.373028
2.20081 -0.362617 0.367946
2.17883 -0.353573 0.358379
2.17326 -0.348806 0.349089
2.17753 -0.349745 0.340743
2.17545 -0.349019 0.328813
2.16435 -0.34658 0.317148
2.17387 -0.351664 0.308442
2.17102 -0.354021 0.297596
2.177 -0.35527 0.292001
2.1686 -0.36054 0.285212
2.16944 -0.358121 0.285634
2.17973 -0.357012 0.286984
2.16611 -0.355232 0.28479
2.16607 -0.352411 0.287747
2.17021 -0.351014 0.290416
2.15927 -0.348699 0.292502
2.16073 -0.348695 0.296284
2.1464 -0.345834 0.298506
2.14825 -0.343663 0.303336
2.14998 -0.341553 0.306259
2.15481 -0.336867 0.309804
2.16176 -0.337164 0.314168
2.15406 -0.330575 0.31606
2.15658 -0.325857 0.320936
2.14859 -0.318316 0.324187
2.14652 -0.312004 0.330881
2.15038 -0.305711 0.337564
2.24119 -0.31075 0.358838
2.14263 -0.289537 0.352716
2.14099 -0.283519 0.362819
2.15013 -0.279833 0.373022
2.32905 -0.294822 0.410903
2.13625 -0.265077 0.393272
2.14251 -0.258807 0.404368
2.15013 -0.256353 0.409709
2.12177 -0.242929 0.420526
2.13235 -0.238812 0.432934
2.1318 -0.232249 0.443111
2.12716 -0.225289 0.452381
2.18607 -0.229466 0.464492
2.12934 -0.211765 0.475522
2.25419 -0.218414 0.504341
2.21638 -0.209289 0.514904
2.11189 -0.191076 0.51669
2.12605 -0.189309 0.535005
2.1127 -0.183708 0.546648
2.11573 -0.181236 0.562411
4 -1.9409 2
2.11177 -0.178657 0.589947
0.5 2.0591 -2
2.10219 -0.177562 0.617291
2.10377 -0.181186 0.630927
1.92493 -0.137686 0.566451
2.09242 -0.185364 0.656081
2.10095 -0.19053 0.668868
1.87219 -0.14011 0.590572
1.85665 -0.142463 0.597745
1.8603 -0.150026 0.610561
3.66445 -0.492741 1.15392
